1 157426.085 4176513.434 353.88 0 0.01 2.76
1 157426.074 4176513.535 356.58 0 0.01 2.76
1 157426.048 4176513.968 356.52 0 0.01 2.77
1 157426.022 4176514.391 357.49 0 0.01 2.77
1 157426.007 4176514.747 354.26 0 0.01 2.77
1 157425.963 4176515.181 356.75 0 0.01 2.77
1 157425.937 4176515.648 357.49 0 0.01 2.77
1 157425.921 4176516.004 356.08 0 0.01 2.77
1 157425.897 4176516.360 356.32 0 0.01 2.77
1 157425.872 4176516.749 356.24 0 0.01 2.77
1 157425.847 4176517.127 357.90 0 0.01 2.77
1 157425.838 4176517.378 357.90 0 0.01 2.77
1 157425.828 4176517.628 356.52 0 0.01 2.77
1 157425.803 4176518.051 356.08 0 0.01 2.77
1 157425.778 4176518.407 356.70 0 0.01 2.77
1 157425.752 4176518.863 356.85 0 0.01 2.77
1 157425.725 4176519.353 356.80 0 0.01 2.77
1 157425.698 4176519.831 357.90 0 0.01 2.78
1 157425.689 4176520.081 357.90 0 0.01 2.78
1 157425.680 4176520.332 357.58 0 0.01 2.77
1 157425.664 4176520.710 356.39 0 0.01 2.77
1 157425.639 4176521.111 356.85 0 0.01 2.77
1 157425.612 4176521.600 356.90 0 0.01 2.77
1 157425.598 4176521.850 356.90 0 0.01 2.77
1 157425.585 4176522.101 357.88 0 0.01 2.78
1 157425.567 4176522.591 357.62 0 0.01 2.78
1 157425.550 4176522.980 355.75 0 0.01 2.78
1 157425.515 4176523.458 357.78 0 0.01 2.78
1 157425.498 4176523.903 358.91 0 0.01 2.78
1 157425.490 4176524.282 356.64 0 0.01 2.78
1 157425.464 4176524.727 357.49 0 0.01 2.78
1 157425.449 4176525.083 356.58 0 0.01 2.78
1 157425.423 4176525.517 358.91 0 0.01 2.78
1 157425.414 4176525.962 355.13 0 0.01 2.78
1 157425.380 4176526.362 357.69 0 0.01 2.78
1 157425.364 4176526.774 357.62 0 0.01 2.78
1 157425.347 4176527.164 357.83 0 0.01 2.78
1 157425.330 4176527.631 356.24 0 0.01 2.78
1 157425.305 4176528.009 357.58 0 0.01 2.78
1 157425.289 4176528.388 356.08 0 0.01 2.78
1 157425.264 4176528.744 356.52 0 0.01 2.78
1 157425.239 4176529.166 356.46 0 0.01 2.78
1 157425.213 4176529.578 357.83 0 0.01 2.78
1 157425.196 4176530.045 356.46 0 0.01 2.78
1 157425.170 4176530.457 355.67 0 0.01 2.78
1 157425.135 4176530.924 355.67 0 0.01 2.78
1 157425.099 4176531.391 356.39 0 0.01 2.78
1 157425.074 4176531.792 353.88 0 0.01 2.78
1 157425.031 4176532.192 355.23 0 0.01 2.78
1 157424.997 4176532.603 355.23 0 0.01 2.78
1 157424.963 4176533.015 355.13 0 0.01 2.78
1 157424.929 4176533.415 356.46 0 0.01 2.78
1 157424.903 4176533.826 355.23 0 0.01 2.78
1 157424.869 4176534.238 353.25 0 0.01 2.78
1 157424.827 4176534.593 355.23 0 0.01 2.78
1 157424.792 4176535.005 353.76 0 0.01 2.78
1 157424.739 4176535.494 354.66 0 0.01 2.78
1 157424.706 4176535.850 355.33 0 0.01 2.78
1 157424.671 4176536.272 355.33 0 0.01 2.78
1 157424.637 4176536.695 356.08 0 0.01 2.78
1 157424.612 4176537.051 353.42 0 0.02 2.78
1 157424.570 4176537.417 355.42 0 0.02 2.78
1 157424.535 4176537.851 356.08 0 0.02 2.77
1 157424.511 4176538.207 354.79 0 0.02 2.77
1 157424.477 4176538.574 356.08 0 0.02 2.77
1 157424.453 4176538.930 354.79 0 0.02 2.77
1 157424.420 4176539.297 355.82 0 0.02 2.77
1 157424.384 4176539.786 356.16 0 0.02 2.77
1 157424.359 4176540.153 354.14 0 0.02 2.77
1 157424.316 4176540.576 356.08 0 0.02 2.77
1 157424.291 4176540.931 356.08 0 0.02 2.77
1 157424.267 4176541.287 356.08 0 0.02 2.77
1 157424.243 4176541.643 354.66 0 0.02 2.77
1 157424.209 4176541.999 356.52 0 0.02 2.77
1 157424.184 4176542.422 355.33 0 0.02 2.77
1 157424.149 4176542.844 355.23 0 0.02 2.77
1 157424.115 4176543.256 355.42 0 0.02 2.77
1 157424.080 4176543.689 355.33 0 0.02 2.76
1 157424.046 4176544.112 356.16 0 0.01 2.76
1 157424.021 4176544.479 355.33 0 0.01 2.76
1 157423.986 4176544.902 356.24 0 0.01 2.76
1 157423.962 4176545.280 354.91 0 0.01 2.76
1 157423.928 4176545.658 356.24 0 0.01 2.76
1 157423.903 4176546.036 355.59 0 0.00 2.76
1 157423.868 4176546.492 355.02 0 0.00 2.75
1 157423.834 4176546.881 355.02 0 0.00 2.75
1 157423.800 4176547.270 356.39 0 -0.00 2.75
1 157423.775 4176547.671 355.13 0 -0.00 2.75
1 157423.741 4176548.071 355.02 0 -0.00 2.75
1 157423.707 4176548.460 356.39 0 -0.01 2.75
1 157423.682 4176548.861 356.32 0 -0.01 2.74
1 157423.657 4176549.250 355.13 0 -0.01 2.74
1 157423.623 4176549.650 355.02 0 -0.01 2.74
1 157423.589 4176550.039 356.32 0 -0.01 2.74
1 157423.564 4176550.429 356.32 0 -0.01 2.73
1 157423.539 4176550.818 355.02 0 -0.01 2.73
1 157423.505 4176551.207 354.91 0 -0.01 2.73
1 157423.471 4176551.585 356.24 0 -0.01 2.72
1 157423.446 4176551.963 356.24 0 -0.01 2.72
1 157423.421 4176552.342 354.91 0 -0.01 2.72
1 157423.388 4176552.720 357.49 0 -0.02 2.72
1 157423.372 4176553.076 354.79 0 -0.02 2.71
1 157423.339 4176553.443 357.49 0 -0.02 2.71
1 157423.323 4176553.799 354.79 0 -0.02 2.71
1 157423.290 4176554.166 357.69 0 -0.02 2.71
1 157423.273 4176554.577 354.79 0 -0.02 2.70
1 157423.240 4176554.944 356.46 0 -0.02 2.70
1 157423.214 4176555.356 356.46 0 -0.02 2.70
1 157423.189 4176555.767 356.39 0 -0.01 2.70
1 157423.163 4176556.168 355.23 0 -0.01 2.70
1 157423.129 4176556.579 356.46 0 -0.01 2.69
1 157423.104 4176556.991 356.32 0 -0.01 2.69
1 157423.078 4176557.380 357.69 0 -0.01 2.69
1 157423.062 4176557.792 354.69 0 -0.01 2.69
1 157423.017 4176558.270 356.75 0 -0.01 2.69
1 157422.991 4176558.737 357.49 0 -0.01 2.68
1 157422.975 4176559.093 356.52 0 -0.01 2.68
1 157422.950 4176559.516 356.16 0 -0.01 2.68
1 157422.925 4176559.883 356.08 0 -0.01 2.68
1 157422.901 4176560.239 357.58 0 -0.01 2.68
1 157422.885 4176560.617 356.70 0 -0.01 2.68
1 157422.858 4176561.074 356.24 0 -0.01 2.68
1 157422.833 4176561.452 356.32 0 -0.01 2.68
1 157422.808 4176561.841 357.83 0 -0.01 2.68
1 157422.791 4176562.309 356.39 0 -0.01 2.67
1 157422.765 4176562.709 356.46 0 -0.01 2.67
1 157422.740 4176563.121 356.46 0 -0.01 2.67
1 157422.715 4176563.532 357.69 0 -0.01 2.67
1 157422.698 4176563.944 356.52 0 -0.01 2.67
1 157422.672 4176564.367 357.69 0 -0.01 2.67
1 157422.656 4176564.778 356.52 0 -0.01 2.67
1 157422.630 4176565.201 357.69 0 -0.01 2.67
1 157422.613 4176565.613 357.72 0 -0.01 2.67
1 157422.596 4176566.036 356.46 0 -0.01 2.67
1 157422.571 4176566.447 357.69 0 -0.01 2.67
1 157422.554 4176566.859 357.69 0 -0.02 2.67
1 157422.538 4176567.271 356.46 0 -0.02 2.67
1 157422.512 4176567.682 357.65 0 -0.02 2.67
1 157422.496 4176568.083 356.46 0 -0.03 2.67
1 157422.470 4176568.495 357.65 0 -0.03 2.67
1 157422.454 4176568.895 356.46 0 -0.04 2.67
1 157422.428 4176569.307 357.65 0 -0.04 2.67
1 157422.412 4176569.708 356.39 0 -0.05 2.66
1 157422.387 4176570.108 357.65 0 -0.05 2.66
1 157422.370 4176570.509 356.39 0 -0.06 2.66
1 157422.345 4176570.909 357.62 0 -0.07 2.66
1 157422.329 4176571.299 356.39 0 -0.08 2.65
1 157422.304 4176571.699 357.65 0 -0.09 2.65
1 157422.287 4176572.100 356.39 0 -0.10 2.64
1 157422.262 4176572.500 356.39 0 -0.11 2.64
1 157422.237 4176572.901 356.39 0 -0.13 2.63
1 157422.211 4176573.301 357.65 0 -0.14 2.63
1 157422.195 4176573.702 355.13 0 -0.16 2.62
1 157422.161 4176574.102 357.65 0 -0.17 2.61
1 157422.144 4176574.503 355.23 0 -0.19 2.61
1 157422.110 4176574.914 356.46 0 -0.21 2.60
1 157422.085 4176575.326 355.23 0 -0.22 2.59
1 157422.050 4176575.737 356.39 0 -0.24 2.58
1 157422.025 4176576.137 355.13 0 -0.26 2.57
1 157421.991 4176576.538 357.65 0 -0.29 2.56
1 157421.975 4176576.938 355.02 0 -0.31 2.55
1 157421.941 4176577.328 355.02 0 -0.33 2.54
1 157421.907 4176577.717 354.91 0 -0.35 2.53
1 157421.873 4176578.095 356.24 0 -0.38 2.52
1 157421.848 4176578.473 354.79 0 -0.40 2.51
1 157421.815 4176578.840 356.16 0 -0.43 2.49
1 157421.790 4176579.207 354.79 0 -0.46 2.48
1 157421.757 4176579.574 354.91 0 -0.49 2.47
1 157421.723 4176579.952 356.16 0 -0.51 2.45
1 157421.698 4176580.319 354.79 0 -0.54 2.44
1 157421.665 4176580.686 354.79 0 -0.57 2.42
1 157421.632 4176581.053 356.24 0 -0.60 2.40
1 157421.607 4176581.431 354.91 0 -0.63 2.39
1 157421.573 4176581.809 354.91 0 -0.66 2.37
1 157421.539 4176582.187 356.24 0 -0.70 2.35
1 157421.515 4176582.565 354.91 0 -0.73 2.34
1 157421.481 4176582.943 353.58 0 -0.76 2.32
1 157421.438 4176583.321 356.24 0 -0.79 2.30
1 157421.414 4176583.699 355.02 0 -0.83 2.28
1 157421.380 4176584.088 356.24 0 -0.86 2.26
1 157421.355 4176584.466 355.02 0 -0.90 2.24
1 157421.321 4176584.856 355.02 0 -0.93 2.22
1 157421.287 4176585.245 355.02 0 -0.97 2.20
1 157421.253 4176585.634 355.02 0 -1.01 2.18
1 157421.219 4176586.023 356.39 0 -1.04 2.16
1 157421.194 4176586.424 355.13 0 -1.08 2.14
1 157421.160 4176586.824 355.13 0 -1.12 2.12
1 157421.126 4176587.224 355.13 0 -1.16 2.10
1 157421.092 4176587.624 355.13 0 -1.20 2.08
1 157421.058 4176588.025 355.23 0 -1.24 2.06
1 157421.023 4176588.436 355.23 0 -1.28 2.04
1 157420.989 4176588.848 356.46 0 -1.32 2.02
1 157420.964 4176589.259 355.33 0 -1.36 2.00
1 157420.929 4176589.682 356.46 0 -1.40 1.98
1 157420.904 4176590.093 355.33 0 -1.44 1.96
1 157420.869 4176590.516 356.52 0 -1.48 1.94
1 157420.843 4176590.939 356.58 0 -1.52 1.92
1 157420.818 4176591.372 356.52 0 -1.56 1.90
1 157420.792 4176591.795 355.42 0 -1.60 1.88
1 157420.757 4176592.229 356.52 0 -1.64 1.87
2 157420.731 4176592.652 356.58 0 -1.69 1.85
2 157420.706 4176593.085 357.75 0 -1.73 1.83
2 157420.689 4176593.519 357.49 0 -1.77 1.81
2 157420.673 4176593.876 356.02 0 -1.81 1.79
2 157420.655 4176594.137 356.02 0 -1.85 1.78
2 157420.637 4176594.398 356.64 0 -1.89 1.76
2 157420.610 4176594.843 357.75 0 -1.93 1.74
2 157420.593 4176595.277 356.64 0 -1.97 1.73
2 157420.567 4176595.722 356.58 0 -2.00 1.71
2 157420.541 4176596.156 358.91 0 -2.04 1.70
2 157420.535 4176596.512 356.64 0 -2.08 1.68
2 157420.509 4176596.957 357.49 0 -2.11 1.67
2 157420.493 4176597.314 357.78 0 -2.15 1.65
2 157420.476 4176597.759 356.08 0 -2.18 1.64
2 157420.451 4176598.115 358.91 0 -2.21 1.63
2 157420.443 4176598.560 356.58 0 -2.24 1.61
2 157420.417 4176598.994 357.78 0 -2.27 1.60
2 157420.400 4176599.439 356.58 0 -2.29 1.59
2 157420.374 4176599.873 357.49 0 -2.32 1.58
2 157420.358 4176600.229 357.69 0 -2.34 1.57
2 157420.342 4176600.641 356.08 0 -2.37 1.56
2 157420.317 4176600.997 357.69 0 -2.38 1.55
2 157420.300 4176601.408 356.52 0 -2.40 1.54
2 157420.275 4176601.831 357.69 0 -2.42 1.54
2 157420.258 4176602.243 356.46 0 -2.43 1.53
2 157420.233 4176602.654 357.65 0 -2.44 1.52
2 157420.216 4176603.055 355.02 0 -2.45 1.52
2 157420.182 4176603.444 357.62 0 -2.46 1.51
2 157420.166 4176603.834 355.02 0 -2.47 1.51
2 157420.132 4176604.223 356.16 0 -2.47 1.50
2 157420.108 4176604.590 354.79 0 -2.47 1.50
2 157420.074 4176604.957 354.79 0 -2.47 1.49
2 157420.030 4176605.446 354.66 0 -2.47 1.49
2 157419.996 4176605.802 353.64 0 -2.47 1.49
2 157419.943 4176606.280 351.77 0 -2.46 1.49
2 157419.882 4176606.702 352.06 0 -2.45 1.49
2 157419.831 4176607.068 352.26 0 -2.45 1.49
2 157419.780 4176607.446 352.26 0 -2.44 1.49
2 157419.728 4176607.824 352.26 0 -2.42 1.49
2 157419.677 4176608.201 347.38 0 -2.41 1.49
2 157419.590 4176608.589 347.70 0 -2.40 1.49
2 157419.503 4176608.989 347.12 0 -2.38 1.50
2 157419.407 4176609.410 345.98 0 -2.36 1.50
2 157419.302 4176609.831 344.10 0 -2.35 1.50
2 157419.179 4176610.263 343.73 0 -2.33 1.51
2 157419.056 4176610.684 341.95 0 -2.31 1.51
2 157418.915 4176611.116 340.51 0 -2.29 1.52
2 157418.794 4176611.459 340.89 0 -2.27 1.52
2 157418.644 4176611.890 338.32 0 -2.24 1.53
2 157418.477 4176612.310 338.60 0 -2.22 1.53
2 157418.347 4176612.642 338.80 0 -2.20 1.54
2 157418.180 4176613.073 335.62 0 -2.17 1.55
2 157418.005 4176613.460 335.28 0 -2.15 1.56
2 157417.857 4176613.780 334.53 0 -2.12 1.57
2 157417.673 4176614.166 333.46 0 -2.09 1.57
2 157417.480 4176614.552 331.04 0 -2.07 1.58
2 157417.279 4176614.916 332.21 0 -2.04 1.59
2 157417.160 4176615.142 332.21 0 -2.01 1.60
2 157417.041 4176615.368 328.43 0 -1.98 1.61
2 157416.831 4176615.709 330.31 0 -1.95 1.62
2 157416.630 4176616.062 327.36 0 -1.92 1.63
2 157416.412 4176616.403 328.85 0 -1.89 1.65
2 157416.165 4176616.811 325.63 0 -1.86 1.66
2 157415.947 4176617.129 323.04 0 -1.83 1.67
2 157415.666 4176617.503 323.60 0 -1.80 1.68
2 157415.440 4176617.810 320.49 0 -1.76 1.69
2 157415.214 4176618.084 322.62 0 -1.73 1.71
2 157414.987 4176618.381 319.39 0 -1.70 1.72
2 157414.752 4176618.655 317.17 0 -1.66 1.73
2 157414.509 4176618.918 317.29 0 -1.63 1.75
2 157414.256 4176619.191 314.91 0 -1.59 1.76
2 157414.004 4176619.443 314.16 0 -1.56 1.77
2 157413.734 4176619.705 312.00 0 -1.52 1.79
2 157413.455 4176619.956 312.94 0 -1.48 1.80
2 157413.185 4176620.207 310.22 0 -1.45 1.82
2 157412.889 4176620.457 309.83 0 -1.41 1.83
2 157412.602 4176620.697 308.12 0 -1.37 1.85
2 157412.297 4176620.936 305.47 0 -1.34 1.86
2 157411.992 4176621.153 307.31 0 -1.30 1.88
2 157411.679 4176621.392 303.92 0 -1.26 1.89
2 157411.357 4176621.609 301.79 0 -1.22 1.91
2 157411.008 4176621.825 301.79 0 -1.18 1.93
2 157410.659 4176622.041 299.83 0 -1.14 1.94
2 157410.302 4176622.246 299.21 0 -1.10 1.96
2 157409.936 4176622.450 295.67 0 -1.07 1.97
2 157409.535 4176622.643 295.03 0 -1.03 1.99
2 157409.214 4176622.793 295.37 0 -0.99 2.01
2 157408.875 4176622.954 292.97 0 -0.95 2.02
2 157408.447 4176623.135 292.54 0 -0.91 2.04
2 157408.011 4176623.316 290.23 0 -0.87 2.05
2 157407.637 4176623.454 289.26 0 -0.84 2.07
2 157407.184 4176623.612 288.21 0 -0.80 2.09
2 157406.944 4176623.691 288.21 0 -0.76 2.10
2 157406.704 4176623.770 286.41 0 -0.72 2.12
2 157406.242 4176623.906 283.69 0 -0.69 2.14
2 157405.860 4176623.999 282.11 0 -0.65 2.15
2 157405.479 4176624.081 281.82 0 -0.62 2.17
2 157404.991 4176624.183 280.78 0 -0.59 2.18
2 157404.512 4176624.274 276.74 0 -0.55 2.20
2 157404.025 4176624.332 275.60 0 -0.52 2.22
2 157403.644 4176624.369 275.57 0 -0.49 2.23
2 157403.166 4176624.416 275.57 0 -0.46 2.25
2 157402.688 4176624.463 275.60 0 -0.43 2.26
2 157402.308 4176624.500 272.92 0 -0.41 2.28
2 157401.830 4176624.524 272.27 0 -0.38 2.29
2 157401.450 4176624.539 270.25 0 -0.35 2.31
2 157400.973 4176624.541 270.28 0 -0.33 2.32
2 157400.504 4176624.544 268.91 0 -0.31 2.34
2 157400.028 4176624.535 270.30 0 -0.29 2.35
2 157399.568 4176624.537 268.91 0 -0.27 2.37
2 157399.188 4176624.530 268.91 0 -0.25 2.38
2 157398.826 4176624.523 268.91 0 -0.23 2.39
2 157398.358 4176624.514 268.91 0 -0.22 2.41
2 157397.881 4176624.505 268.91 0 -0.20 2.42
2 157397.501 4176624.498 268.91 0 -0.19 2.43
2 157397.007 4176624.489 268.91 0 -0.18 2.45
2 157396.521 4176624.479 268.91 0 -0.17 2.46
2 157396.265 4176624.475 268.91 0 -0.16 2.47
2 157396.009 4176624.470 268.91 0 -0.15 2.48
2 157395.603 4176624.462 268.91 0 -0.14 2.49
2 157395.346 4176624.457 268.91 0 -0.13 2.51
2 157395.090 4176624.452 268.91 0 -0.12 2.52
2 157394.675 4176624.444 268.91 0 -0.12 2.53
2 157394.406 4176624.439 268.91 0 -0.11 2.54
2 157394.136 4176624.434 268.91 0 -0.11 2.55
2 157393.876 4176624.429 268.91 0 -0.10 2.56
2 157393.615 4176624.424 268.91 0 -0.10 2.57
2 157393.342 4176624.419 268.91 0 -0.09 2.58
2 157393.068 4176624.414 268.91 0 -0.09 2.59
2 157392.798 4176624.409 268.91 0 -0.09 2.60
2 157392.529 4176624.404 268.91 0 -0.08 2.61
2 157392.246 4176624.398 268.91 0 -0.08 2.62
2 157391.964 4176624.393 268.91 0 -0.08 2.62
2 157391.531 4176624.385 267.55 0 -0.07 2.63
2 157391.063 4176624.365 268.91 0 -0.07 2.64
2 157390.781 4176624.359 268.91 0 -0.07 2.65
2 157390.498 4176624.354 266.69 0 -0.07 2.65
2 157390.211 4176624.338 266.69 0 -0.07 2.66
2 157389.924 4176624.321 267.80 0 -0.06 2.67
2 157389.637 4176624.310 267.80 0 -0.06 2.67
2 157389.350 4176624.299 268.91 0 -0.06 2.68
2 157388.988 4176624.292 267.60 0 -0.06 2.69
2 157388.503 4176624.272 267.82 0 -0.05 2.69
2 157388.211 4176624.261 267.82 0 -0.05 2.70
2 157387.920 4176624.250 267.15 0 -0.05 2.70
2 157387.558 4176624.232 267.58 0 -0.05 2.71
2 157387.081 4176624.211 267.15 0 -0.05 2.71
2 157386.720 4176624.193 267.24 0 -0.04 2.72
2 157386.340 4176624.175 268.91 0 -0.04 2.72
2 157385.978 4176624.168 267.15 0 -0.04 2.72
2 157385.616 4176624.150 266.38 0 -0.04 2.73
2 157385.365 4176624.134 266.38 0 -0.04 2.73
2 157385.113 4176624.118 268.91 0 -0.03 2.73
2 157384.742 4176624.111 264.98 0 -0.03 2.74
2 157384.257 4176624.069 267.24 0 -0.03 2.74
2 157383.877 4176624.051 268.91 0 -0.03 2.74
2 157383.506 4176624.043 265.12 0 -0.03 2.75
2 157383.255 4176624.022 265.12 0 -0.02 2.75
2 157383.004 4176624.001 267.27 0 -0.02 2.75
2 157382.615 4176623.982 266.38 0 -0.02 2.75
2 157382.364 4176623.966 266.38 0 -0.02 2.76
2 157382.112 4176623.950 267.24 0 -0.02 2.76
2 157381.733 4176623.932 265.64 0 -0.02 2.76
2 157381.345 4176623.902 267.20 0 -0.01 2.76
2 157380.974 4176623.884 265.56 0 -0.01 2.76
2 157380.594 4176623.855 264.03 0 -0.01 2.76
2 157380.334 4176623.827 264.03 0 -0.01 2.77
2 157380.074 4176623.800 267.24 0 -0.01 2.77
2 157379.695 4176623.782 265.18 0 -0.01 2.77
2 157379.439 4176623.760 265.18 0 -0.00 2.77
2 157379.183 4176623.739 265.71 0 -0.00 2.77
2 157378.786 4176623.709 267.24 0 -0.00 2.77
2 157378.406 4176623.691 264.03 0 -0.00 2.77
2 157378.146 4176623.664 264.03 0 -0.00 2.77
2 157377.886 4176623.636 264.11 0 -0.00 2.77
2 157377.489 4176623.595 266.43 0 -0.00 2.77
2 157377.234 4176623.579 266.43 0 0.00 2.77
2 157376.978 4176623.563 265.64 0 0.00 2.77
2 157376.589 4176623.534 264.11 0 0.00 2.78
2 157376.193 4176623.493 267.24 0 0.00 2.78
2 157375.813 4176623.475 264.11 0 0.00 2.78
2 157375.416 4176623.434 264.34 0 0.00 2.78
2 157375.138 4176623.406 264.34 0 0.00 2.78
2 157374.861 4176623.379 267.15 0 0.00 2.78
2 157374.499 4176623.361 263.95 0 0.00 2.78
2 157374.243 4176623.333 263.95 0 0.00 2.78
2 157373.987 4176623.306 265.78 0 0.00 2.78
2 157373.582 4176623.276 265.78 0 0.00 2.78
2 157373.176 4176623.246 266.34 0 -0.00 2.78
2 157372.682 4176623.215 266.69 0 -0.00 2.78
2 157372.395 4176623.198 266.69 0 -0.00 2.78
2 157372.108 4176623.182 265.48 0 -0.00 2.78
2 157371.737 4176623.152 265.05 0 -0.00 2.78
2 157371.243 4176623.110 265.12 0 -0.00 2.78
2 157370.992 4176623.088 265.12 0 -0.00 2.78
2 157370.741 4176623.067 267.75 0 -0.00 2.78
2 157370.467 4176623.056 267.75 0 -0.00 2.78
2 157370.193 4176623.045 265.12 0 -0.00 2.78
2 157369.942 4176623.024 265.12 0 -0.00 2.78
2 157369.690 4176623.002 267.11 0 -0.00 2.78
3 157369.337 4176622.984 265.31 0 -0.00 2.78
3 157368.985 4176622.955 266.19 0 -0.00 2.78
3 157368.517 4176622.924 266.62 0 -0.00 2.78
3 157368.239 4176622.908 266.62 0 -0.00 2.78
3 157367.961 4176622.891 265.56 0 -0.00 2.78
3 157367.582 4176622.862 266.43 0 -0.00 2.78
3 157367.326 4176622.846 266.43 0 -0.00 2.78
3 157367.070 4176622.830 267.15 0 -0.00 2.78
3 157366.708 4176622.812 265.40 0 0.00 2.78
3 157366.346 4176622.783 265.64 0 0.00 2.78
3 157365.958 4176622.753 267.15 0 0.00 2.78
3 157365.596 4176622.735 267.60 0 0.00 2.78
3 157365.111 4176622.715 265.64 0 0.00 2.78
3 157364.722 4176622.685 267.53 0 0.00 2.78
3 157364.263 4176622.665 265.48 0 0.00 2.78
3 157363.893 4176622.636 267.27 0 0.01 2.78
3 157363.504 4176622.618 266.38 0 0.01 2.78
3 157363.253 4176622.602 266.38 0 0.01 2.78
3 157363.001 4176622.586 267.27 0 0.01 2.78
3 157362.613 4176622.567 267.53 0 0.01 2.78
3 157362.154 4176622.548 263.89 0 0.01 2.78
3 157361.775 4176622.507 267.27 0 0.01 2.78
3 157361.386 4176622.488 265.78 0 0.01 2.78
3 157360.981 4176622.459 267.27 0 0.01 2.78
3 157360.592 4176622.440 267.58 0 0.01 2.78
3 157360.115 4176622.420 264.00 0 0.01 2.78
3 157359.728 4176622.379 265.31 0 0.01 2.78
3 157359.463 4176622.357 265.31 0 0.01 2.78
3 157359.198 4176622.336 265.71 0 0.01 2.78
3 157358.801 4176622.306 266.59 0 0.01 2.78
3 157358.528 4176622.290 266.59 0 0.01 2.78
3 157358.254 4176622.273 267.11 0 0.01 2.78
3 157357.901 4176622.255 265.71 0 0.01 2.78
3 157357.504 4176622.226 264.31 0 0.01 2.78
3 157357.090 4176622.184 267.31 0 0.01 2.78
3 157356.692 4176622.166 265.31 0 0.01 2.78
3 157356.428 4176622.144 265.31 0 0.01 2.78
3 157356.163 4176622.122 265.84 0 0.01 2.78
3 157355.748 4176622.092 266.47 0 0.01 2.78
3 157355.488 4176622.076 266.47 0 0.01 2.78
3 157355.228 4176622.060 265.64 0 0.01 2.78
3 157354.839 4176622.030 265.84 0 0.01 2.78
3 157354.425 4176622.000 265.25 0 0.01 2.78
3 157354.165 4176621.979 265.25 0 0.01 2.78
3 157353.904 4176621.957 265.64 0 0.01 2.78
3 157353.516 4176621.927 266.59 0 0.01 2.78
3 157353.243 4176621.911 266.59 0 0.01 2.78
3 157352.969 4176621.895 265.56 0 0.01 2.78
3 157352.590 4176621.865 264.00 0 0.01 2.78
3 157352.202 4176621.824 266.51 0 0.01 2.78
3 157351.937 4176621.808 266.51 0 0.01 2.78
3 157351.672 4176621.792 266.34 0 0.01 2.78
3 157351.178 4176621.761 264.03 0 0.01 2.78
3 157350.918 4176621.733 264.03 0 0.01 2.78
3 157350.658 4176621.706 267.20 0 0.01 2.78
3 157350.287 4176621.688 265.56 0 0.01 2.78
3 157349.908 4176621.659 263.95 0 0.01 2.78
3 157349.652 4176621.631 263.95 0 0.01 2.78
3 157349.396 4176621.604 267.20 0 0.01 2.78
3 157349.026 4176621.586 264.98 0 0.01 2.78
3 157348.540 4176621.544 265.56 0 0.01 2.78
3 157348.161 4176621.514 267.15 0 0.02 2.78
3 157347.799 4176621.496 263.58 0 0.02 2.78
3 157347.323 4176621.443 264.98 0 0.02 2.78
3 157346.838 4176621.400 267.11 0 0.02 2.78
3 157346.485 4176621.382 264.91 0 0.02 2.78
3 157346.009 4176621.340 265.40 0 0.02 2.78
3 157345.647 4176621.311 266.08 0 0.02 2.78
3 157345.197 4176621.280 265.64 0 0.02 2.78
3 157344.906 4176621.258 265.64 0 0.02 2.78
3 157344.615 4176621.235 265.59 0 0.02 2.78
3 157344.328 4176621.213 265.59 0 0.02 2.78
3 157344.041 4176621.191 265.59 0 0.02 2.78
3 157343.755 4176621.169 265.59 0 0.02 2.78
3 157343.468 4176621.147 266.08 0 0.02 2.78
3 157343.018 4176621.116 264.67 0 0.02 2.78
3 157342.568 4176621.074 267.79 0 0.02 2.78
3 157342.286 4176621.063 267.79 0 0.01 2.78
3 157342.003 4176621.052 264.41 0 0.01 2.78
3 157341.721 4176621.025 264.41 0 0.01 2.78
3 157341.439 4176620.997 266.66 0 0.01 2.78
3 157341.156 4176620.980 266.66 0 0.01 2.78
3 157340.874 4176620.964 266.08 0 0.01 2.78
3 157340.424 4176620.933 265.59 0 0.01 2.78
3 157340.137 4176620.911 265.59 0 0.01 2.78
3 157339.850 4176620.889 265.48 0 0.00 2.78
3 157339.572 4176620.867 265.48 0 0.00 2.78
3 157339.295 4176620.845 265.31 0 -0.00 2.78
3 157338.942 4176620.816 267.50 0 -0.00 2.78
3 157338.491 4176620.796 266.08 0 -0.00 2.78
3 157338.041 4176620.766 267.15 0 -0.01 2.78
3 157337.680 4176620.748 267.50 0 -0.01 2.78
3 157337.229 4176620.728 265.64 0 -0.01 2.78
3 157336.938 4176620.706 265.64 0 -0.01 2.78
3 157336.647 4176620.683 267.80 0 -0.01 2.78
3 157336.360 4176620.672 267.80 0 -0.02 2.78
3 157336.073 4176620.661 265.31 0 -0.02 2.78
3 157335.720 4176620.632 267.58 0 -0.02 2.78
3 157335.244 4176620.612 266.73 0 -0.02 2.78
3 157334.952 4176620.596 266.73 0 -0.02 2.78
3 157334.661 4176620.579 267.15 0 -0.02 2.78
3 157334.299 4176620.561 266.14 0 -0.02 2.78
3 157333.840 4176620.530 267.53 0 -0.02 2.78
3 157333.381 4176620.510 265.40 0 -0.02 2.78
3 157333.020 4176620.481 267.50 0 -0.02 2.78
3 157332.569 4176620.461 266.73 0 -0.02 2.78
3 157332.278 4176620.445 266.73 0 -0.02 2.78
3 157331.987 4176620.428 266.69 0 -0.02 2.78
3 157331.700 4176620.412 266.69 0 -0.02 2.78
3 157331.413 4176620.395 266.66 0 -0.02 2.78
3 157331.131 4176620.379 266.66 0 -0.02 2.78
3 157330.849 4176620.362 265.48 0 -0.02 2.78
3 157330.571 4176620.340 265.48 0 -0.02 2.78
3 157330.293 4176620.318 266.66 0 -0.02 2.78
3 157330.010 4176620.302 266.66 0 -0.02 2.78
3 157329.728 4176620.285 266.09 0 -0.02 2.78
3 157329.278 4176620.254 266.03 0 -0.02 2.78
3 157328.837 4176620.224 266.55 0 -0.01 2.78
3 157328.568 4176620.207 266.55 0 -0.01 2.78
3 157328.298 4176620.191 264.34 0 -0.01 2.78
3 157328.021 4176620.164 264.34 0 -0.01 2.78
3 157327.743 4176620.136 266.55 0 -0.01 2.78
3 157327.474 4176620.120 266.55 0 -0.01 2.78
3 157327.205 4176620.104 265.97 0 -0.01 2.78
3 157326.772 4176620.073 265.42 0 -0.01 2.78
3 157326.499 4176620.051 265.42 0 -0.01 2.78
3 157326.225 4176620.029 265.78 0 -0.01 2.78
3 157325.819 4176620.000 265.48 0 -0.00 2.77
3 157325.542 4176619.978 265.48 0 -0.00 2.77
3 157325.264 4176619.956 266.43 0 -0.00 2.77
3 157325.008 4176619.940 266.43 0 -0.01 2.77
3 157324.752 4176619.924 264.59 0 -0.01 2.77
3 157324.311 4176619.882 265.25 0 -0.01 2.77
3 157324.051 4176619.860 265.25 0 -0.01 2.77
3 157323.790 4176619.839 266.55 0 -0.01 2.77
3 157323.521 4176619.822 266.55 0 -0.01 2.77
3 157323.252 4176619.806 265.25 0 -0.01 2.76
3 157322.992 4176619.784 265.25 0 -0.01 2.76
3 157322.732 4176619.763 267.41 0 -0.02 2.76
3 157322.308 4176619.744 265.97 0 -0.02 2.76
3 157321.876 4176619.713 265.42 0 -0.02 2.76
3 157321.602 4176619.691 265.42 0 -0.03 2.75
3 157321.329 4176619.669 265.37 0 -0.03 2.75
3 157321.060 4176619.648 265.37 0 -0.03 2.75
3 157320.791 4176619.626 266.62 0 -0.04 2.74
3 157320.513 4176619.609 266.62 0 -0.04 2.74
3 157320.235 4176619.593 266.59 0 -0.05 2.73
3 157319.961 4176619.577 266.59 0 -0.06 2.73
3 157319.687 4176619.560 265.48 0 -0.06 2.72
3 157319.409 4176619.538 265.48 0 -0.07 2.72
3 157319.132 4176619.516 266.14 0 -0.08 2.71
3 157318.673 4176619.486 266.59 0 -0.09 2.71
3 157318.399 4176619.469 266.59 0 -0.09 2.70
3 157318.126 4176619.453 264.67 0 -0.10 2.69
3 157317.676 4176619.411 267.73 0 -0.11 2.69
3 157317.407 4176619.400 267.73 0 -0.12 2.68
3 157317.137 4176619.390 266.09 0 -0.13 2.67
3 157316.687 4176619.359 266.51 0 -0.15 2.66
3 157316.423 4176619.343 266.51 0 -0.16 2.65
3 157316.158 4176619.327 265.37 0 -0.17 2.65
3 157315.889 4176619.305 265.37 0 -0.18 2.64
3 157315.620 4176619.283 267.71 0 -0.20 2.63
3 157315.355 4176619.272 267.71 0 -0.21 2.61
3 157315.090 4176619.262 266.55 0 -0.23 2.60
3 157314.821 4176619.246 266.55 0 -0.24 2.59
3 157314.552 4176619.229 266.47 0 -0.26 2.58
3 157314.291 4176619.213 266.47 0 -0.28 2.57
3 157314.031 4176619.197 267.38 0 -0.30 2.55
3 157313.616 4176619.178 267.41 0 -0.32 2.54
3 157313.192 4176619.159 265.18 0 -0.34 2.53
3 157312.937 4176619.137 265.18 0 -0.36 2.51
3 157312.681 4176619.116 267.67 0 -0.38 2.50
3 157312.425 4176619.105 267.67 0 -0.40 2.48
3 157312.169 4176619.095 265.05 0 -0.43 2.47
3 157311.675 4176619.052 265.78 0 -0.45 2.45
3 157311.269 4176619.022 266.29 0 -0.48 2.43
3 157310.784 4176618.991 265.71 0 -0.51 2.42
3 157310.387 4176618.961 266.19 0 -0.54 2.40
3 157309.919 4176618.930 264.98 0 -0.57 2.38
3 157309.434 4176618.887 265.56 0 -0.60 2.37
3 157309.054 4176618.858 264.91 0 -0.63 2.35
3 157308.578 4176618.815 266.14 0 -0.66 2.33
3 157308.119 4176618.784 264.83 0 -0.70 2.31
3 157307.652 4176618.742 266.14 0 -0.73 2.29
3 157307.193 4176618.711 264.76 0 -0.77 2.27
3 157306.734 4176618.669 265.40 0 -0.81 2.25
3 157306.373 4176618.640 265.40 0 -0.85 2.23
3 157306.011 4176618.611 267.53 0 -0.89 2.21
3 157305.552 4176618.591 264.67 0 -0.93 2.19
3 157305.102 4176618.549 266.14 0 -0.97 2.17
3 157304.643 4176618.518 263.65 0 -1.02 2.15
3 157304.282 4176618.478 266.24 0 -1.06 2.13
3 157303.805 4176618.447 264.67 0 -1.11 2.11
3 157303.356 4176618.405 265.56 0 -1.15 2.09
3 157302.976 4176618.375 266.14 0 -1.20 2.07
3 157302.517 4176618.344 265.56 0 -1.24 2.05
3 157302.138 4176618.315 264.91 0 -1.29 2.03
3 157301.662 4176618.272 266.29 0 -1.34 2.01
3 157301.176 4176618.241 266.24 0 -1.39 1.99
3 157300.700 4176618.210 264.98 0 -1.43 1.97
4 157300.215 4176618.167 267.24 0 -1.48 1.95
4 157299.835 4176618.149 263.89 0 -1.53 1.93
4 157299.456 4176618.108 267.60 0 -1.58 1.91
4 157298.971 4176618.088 264.91 0 -1.62 1.89
4 157298.494 4176618.045 266.29 0 -1.67 1.87
4 157298.009 4176618.014 265.56 0 -1.71 1.85
4 157297.630 4176617.984 266.29 0 -1.76 1.84
4 157297.144 4176617.953 264.76 0 -1.80 1.82
4 157296.686 4176617.911 266.24 0 -1.84 1.80
4 157296.209 4176617.880 267.11 0 -1.89 1.78
4 157295.856 4176617.862 264.91 0 -1.93 1.76
4 157295.380 4176617.819 267.15 0 -1.97 1.75
4 157295.018 4176617.801 264.76 0 -2.00 1.73
4 157294.559 4176617.759 267.47 0 -2.04 1.72
4 157294.118 4176617.740 264.67 0 -2.08 1.70
4 157293.668 4176617.698 267.44 0 -2.11 1.69
4 157293.235 4176617.679 265.25 0 -2.14 1.67
4 157292.975 4176617.657 265.25 0 -2.17 1.66
4 157292.715 4176617.635 267.41 0 -2.20 1.64
4 157292.291 4176617.616 263.51 0 -2.23 1.63
4 157291.939 4176617.576 267.38 0 -2.25 1.62
4 157291.524 4176617.557 265.97 0 -2.27 1.61
4 157291.091 4176617.527 265.84 0 -2.30 1.60
4 157290.677 4176617.496 265.84 0 -2.32 1.59
4 157290.262 4176617.466 265.84 0 -2.33 1.58
4 157289.847 4176617.436 265.18 0 -2.35 1.57
4 157289.592 4176617.415 265.18 0 -2.36 1.56
4 157289.336 4176617.393 267.35 0 -2.38 1.55
4 157288.930 4176617.374 263.51 0 -2.39 1.54
4 157288.577 4176617.334 265.97 0 -2.40 1.54
4 157288.145 4176617.304 264.50 0 -2.40 1.53
4 157287.713 4176617.262 264.50 0 -2.41 1.52
4 157287.280 4176617.221 266.03 0 -2.41 1.52
4 157286.839 4176617.190 263.51 0 -2.42 1.51
4 157286.487 4176617.150 263.65 0 -2.42 1.51
4 157286.125 4176617.110 264.76 0 -2.42 1.51
4 157285.667 4176617.067 261.87 0 -2.42 1.50
4 157285.217 4176617.003 263.38 0 -2.41 1.50
4 157284.759 4176616.950 261.90 0 -2.41 1.50
4 157284.398 4176616.899 262.26 0 -2.40 1.50
4 157283.922 4176616.834 261.73 0 -2.40 1.50
4 157283.569 4176616.783 262.26 0 -2.39 1.50
4 157283.093 4176616.718 262.00 0 -2.38 1.50
4 157282.635 4176616.654 262.38 0 -2.37 1.50
4 157282.247 4176616.602 262.26 0 -2.36 1.51
4 157281.772 4176616.537 258.53 0 -2.34 1.51
4 157281.287 4176616.439 258.34 0 -2.33 1.51
4 157280.812 4176616.341 257.26 0 -2.31 1.52
4 157280.328 4176616.231 257.05 0 -2.30 1.52
4 157279.853 4176616.122 256.01 0 -2.28 1.53
4 157279.370 4176616.002 255.72 0 -2.26 1.53
4 157278.992 4176615.905 255.72 0 -2.24 1.54
4 157278.614 4176615.809 255.78 0 -2.22 1.54
4 157278.139 4176615.689 255.03 0 -2.20 1.55
4 157277.690 4176615.569 252.70 0 -2.17 1.56
4 157277.234 4176615.427 251.42 0 -2.15 1.57
4 157276.882 4176615.309 250.77 0 -2.12 1.58
4 157276.444 4176615.155 250.07 0 -2.10 1.58
4 157276.022 4176615.003 249.80 0 -2.07 1.59
4 157275.671 4176614.874 249.31 0 -2.04 1.60
4 157275.268 4176614.721 247.00 0 -2.01 1.61
4 157274.856 4176614.546 247.50 0 -1.98 1.62
4 157274.462 4176614.383 246.12 0 -1.94 1.63
4 157274.067 4176614.208 244.16 0 -1.91 1.65
4 157273.708 4176614.035 242.80 0 -1.87 1.66
4 157273.393 4176613.873 242.72 0 -1.84 1.67
4 157273.035 4176613.688 238.90 0 -1.80 1.68
4 157272.615 4176613.435 240.32 0 -1.76 1.69
4 157272.292 4176613.250 237.36 0 -1.72 1.71
4 157271.951 4176613.032 235.96 0 -1.68 1.72
4 157271.646 4176612.826 233.15 0 -1.64 1.73
4 157271.341 4176612.598 232.29 0 -1.60 1.75
4 157271.002 4176612.335 228.42 0 -1.56 1.76
4 157270.732 4176612.096 227.49 0 -1.51 1.78
4 157270.472 4176611.857 228.49 0 -1.47 1.79
4 157270.150 4176611.573 223.92 0 -1.43 1.80
4 157269.899 4176611.312 222.95 0 -1.38 1.82
4 157269.561 4176610.949 220.54 0 -1.34 1.83
4 157269.319 4176610.666 218.44 0 -1.29 1.85
4 157269.095 4176610.383 218.40 0 -1.25 1.87
4 157268.862 4176610.089 217.34 0 -1.20 1.88
4 157268.646 4176609.807 213.13 0 -1.16 1.90
4 157268.440 4176609.491 212.86 0 -1.11 1.91
4 157268.200 4176609.119 212.20 0 -1.07 1.93
4 157267.994 4176608.792 208.79 0 -1.02 1.94
4 157267.815 4176608.466 208.29 0 -0.98 1.96
4 157267.627 4176608.117 205.59 0 -0.94 1.98
4 157267.465 4176607.780 203.44 0 -0.90 1.99
4 157267.271 4176607.331 203.65 0 -0.85 2.01
4 157267.118 4176606.983 200.07 0 -0.81 2.03
4 157266.950 4176606.523 198.20 0 -0.77 2.04
4 157266.825 4176606.142 198.20 0 -0.73 2.06
4 157266.700 4176605.761 197.69 0 -0.70 2.08
4 157266.575 4176605.368 194.13 0 -0.66 2.09
4 157266.476 4176604.977 194.13 0 -0.62 2.11
4 157266.377 4176604.585 191.02 0 -0.59 2.13
4 157266.297 4176604.172 191.34 0 -0.55 2.14
4 157266.216 4176603.769 190.71 0 -0.52 2.16
4 157266.136 4176603.344 187.45 0 -0.49 2.18
4 157266.082 4176602.931 186.06 0 -0.46 2.19
4 157266.037 4176602.507 184.87 0 -0.43 2.21
4 157266.001 4176602.083 184.58 0 -0.41 2.22
4 157265.972 4176601.726 185.03 0 -0.38 2.24
4 157265.936 4176601.314 184.58 0 -0.36 2.26
4 157265.907 4176600.957 184.72 0 -0.34 2.27
4 157265.871 4176600.522 184.58 0 -0.31 2.29
4 157265.843 4176600.165 182.32 0 -0.29 2.30
4 157265.825 4176599.719 181.19 0 -0.28 2.32
4 157265.815 4176599.273 181.19 0 -0.26 2.33
4 157265.806 4176598.828 180.34 0 -0.24 2.35
4 157265.804 4176598.471 180.25 0 -0.23 2.36
4 157265.802 4176598.092 182.32 0 -0.21 2.38
4 157265.784 4176597.647 179.97 0 -0.20 2.39
4 157265.784 4176597.168 180.05 0 -0.19 2.40
4 157265.784 4176596.722 178.92 0 -0.18 2.42
4 157265.793 4176596.244 181.75 0 -0.17 2.43
4 157265.782 4176595.887 180.21 0 -0.16 2.44
4 157265.781 4176595.497 178.92 0 -0.15 2.46
4 157265.789 4176595.041 179.97 0 -0.14 2.47
4 157265.790 4176594.562 178.92 0 -0.13 2.48
4 157265.797 4176594.194 179.97 0 -0.13 2.49
4 157265.797 4176593.715 178.92 0 -0.12 2.51
4 157265.806 4176593.248 178.92 0 -0.12 2.52
4 157265.814 4176592.791 178.92 0 -0.11 2.53
4 157265.823 4176592.324 178.92 0 -0.11 2.54
4 157265.832 4176591.879 178.92 0 -0.10 2.55
4 157265.838 4176591.522 178.92 0 -0.10 2.56
4 157265.845 4176591.166 178.92 0 -0.09 2.57
4 157265.853 4176590.732 178.92 0 -0.09 2.58
4 157265.862 4176590.286 178.92 0 -0.09 2.59
4 157265.870 4176589.852 178.92 0 -0.08 2.60
4 157265.878 4176589.440 178.92 0 -0.08 2.61
4 157265.886 4176589.028 178.92 0 -0.08 2.62
4 157265.893 4176588.639 178.92 0 -0.08 2.63
4 157265.901 4176588.227 178.92 0 -0.07 2.64
4 157265.908 4176587.837 178.92 0 -0.07 2.64
4 157265.916 4176587.425 178.92 0 -0.07 2.65
4 157265.923 4176587.036 178.92 0 -0.06 2.66
4 157265.931 4176586.624 178.92 0 -0.06 2.66
4 157265.939 4176586.223 178.92 0 -0.06 2.67
4 157265.946 4176585.811 178.92 0 -0.06 2.68
4 157265.954 4176585.399 177.72 0 -0.05 2.68
4 157265.971 4176584.976 177.69 0 -0.05 2.69
4 157265.988 4176584.564 177.75 0 -0.05 2.70
4 157266.005 4176584.130 176.59 0 -0.05 2.70
4 157266.031 4176583.696 178.92 0 -0.04 2.71
4 157266.039 4176583.262 176.08 0 -0.04 2.71
4 157266.063 4176582.906 178.92 0 -0.04 2.72
4 157266.072 4176582.428 177.50 0 -0.04 2.72
4 157266.088 4176582.072 176.85 0 -0.04 2.72
4 157266.115 4176581.582 177.83 0 -0.03 2.73
4 157266.133 4176581.115 176.39 0 -0.03 2.73
4 157266.158 4176580.714 177.88 0 -0.03 2.74
4 157266.176 4176580.224 176.94 0 -0.03 2.74
4 157266.190 4176579.969 176.94 0 -0.03 2.74
4 157266.203 4176579.713 177.93 0 -0.02 2.74
4 157266.213 4176579.457 177.93 0 -0.02 2.75
4 157266.222 4176579.201 177.02 0 -0.02 2.75
4 157266.236 4176578.934 177.02 0 -0.02 2.75
4 157266.250 4176578.667 176.59 0 -0.02 2.75
4 157266.275 4176578.233 177.75 0 -0.02 2.76
4 157266.292 4176577.799 177.99 0 -0.02 2.76
4 157266.302 4176577.526 177.99 0 -0.01 2.76
4 157266.312 4176577.253 176.13 0 -0.01 2.76
4 157266.330 4176576.981 176.13 0 -0.01 2.76
4 157266.348 4176576.708 177.83 0 -0.01 2.77
4 157266.366 4176576.241 177.13 0 -0.01 2.77
4 157266.380 4176575.957 177.13 0 -0.01 2.77
4 157266.395 4176575.674 176.75 0 -0.01 2.77
4 157266.421 4176575.206 178.01 0 -0.01 2.77
4 157266.431 4176574.928 178.01 0 -0.01 2.77
4 157266.440 4176574.650 176.30 0 -0.01 2.77
4 157266.459 4176574.361 176.30 0 -0.01 2.77
4 157266.478 4176574.071 177.75 0 -0.01 2.77
4 157266.495 4176573.637 176.24 0 -0.01 2.77
4 157266.514 4176573.354 176.24 0 -0.00 2.77
4 157266.532 4176573.070 177.06 0 -0.00 2.77
4 157266.546 4176572.797 177.06 0 -0.00 2.78
4 157266.560 4176572.525 177.06 0 -0.00 2.78
4 157266.574 4176572.252 177.06 0 -0.00 2.78
4 157266.588 4176571.980 177.95 0 -0.00 2.78
4 157266.598 4176571.718 177.95 0 -0.00 2.78
4 157266.607 4176571.457 176.13 0 -0.00 2.78
4 157266.625 4176571.184 176.13 0 -0.00 2.78
4 157266.644 4176570.912 177.72 0 -0.00 2.78
4 157266.661 4176570.489 175.13 0 -0.00 2.78
4 157266.695 4176570.088 177.95 0 -0.00 2.78
4 157266.704 4176569.827 177.95 0 -0.00 2.78
4 157266.713 4176569.565 175.89 0 -0.00 2.78
4 157266.731 4176569.315 175.89 0 -0.00 2.78
4 157266.749 4176569.065 176.85 0 -0.00 2.78
4 157266.776 4176568.575 175.89 0 -0.00 2.78
4 157266.794 4176568.325 175.89 0 -0.00 2.78
4 157266.812 4176568.075 177.65 0 -0.00 2.78
4 157266.829 4176567.674 176.70 0 -0.00 2.78
4 157266.855 4176567.218 176.32 0 -0.00 2.78
4 157266.880 4176566.829 177.81 0 -0.00 2.78
4 157266.898 4176566.372 174.79 0 -0.00 2.78
4 157266.931 4176566.006 176.75 0 0.00 2.78
4 157266.957 4176565.538 176.70 0 0.00 2.78
5 157266.984 4176565.082 176.75 0 0.00 2.78
5 157267.010 4176564.615 175.67 0 0.00 2.78
5 157267.046 4176564.148 177.83 0 0.00 2.78
5 157267.063 4176563.680 176.08 0 0.00 2.78
5 157267.088 4176563.324 176.32 0 0.00 2.78
5 157267.113 4176562.935 175.51 0 0.00 2.78
5 157267.148 4176562.490 177.86 0 0.00 2.78
5 157267.166 4176562.012 175.51 0 0.00 2.78
5 157267.201 4176561.567 176.80 0 0.00 2.78
5 157267.227 4176561.089 175.51 0 0.00 2.78
5 157267.262 4176560.644 177.62 0 0.00 2.78
5 157267.278 4176560.254 175.51 0 0.00 2.78
5 157267.313 4176559.809 176.24 0 0.00 2.78
5 157267.338 4176559.431 176.70 0 0.00 2.78
5 157267.364 4176558.975 175.75 0 0.00 2.78
5 157267.400 4176558.497 177.54 0 0.00 2.78
5 157267.416 4176558.130 176.80 0 0.00 2.78
5 157267.443 4176557.651 175.67 0 0.00 2.78
5 157267.478 4176557.184 176.85 0 0.00 2.78
5 157267.505 4176556.695 176.75 0 0.00 2.78
5 157267.531 4176556.227 176.32 0 0.00 2.78
5 157267.556 4176555.838 177.62 0 0.00 2.78
5 157267.573 4176555.449 175.75 0 -0.00 2.78
5 157267.608 4176554.970 177.88 0 -0.00 2.78
5 157267.626 4176554.481 175.82 0 -0.00 2.78
5 157267.662 4176553.991 176.85 0 -0.00 2.78
5 157267.689 4176553.502 175.89 0 -0.00 2.78
5 157267.707 4176553.252 175.89 0 -0.00 2.78
5 157267.725 4176553.001 177.65 0 -0.00 2.78
5 157267.741 4176552.601 175.82 0 -0.00 2.78
5 157267.777 4176552.111 176.94 0 -0.01 2.78
5 157267.791 4176551.855 176.94 0 -0.01 2.78
5 157267.804 4176551.600 177.65 0 -0.01 2.78
5 157267.821 4176551.199 176.02 0 -0.01 2.78
5 157267.839 4176550.938 176.02 0 -0.01 2.78
5 157267.857 4176550.676 177.91 0 -0.01 2.78
5 157267.866 4176550.426 177.91 0 -0.01 2.78
5 157267.876 4176550.175 176.46 0 -0.01 2.78
5 157267.901 4176549.764 176.94 0 -0.01 2.78
5 157267.915 4176549.508 176.94 0 -0.01 2.78
5 157267.928 4176549.252 175.95 0 -0.01 2.78
5 157267.947 4176548.996 175.95 0 -0.01 2.78
5 157267.965 4176548.740 177.95 0 -0.01 2.78
5 157267.974 4176548.479 177.95 0 -0.02 2.78
5 157267.983 4176548.217 175.95 0 -0.02 2.78
5 157268.001 4176547.961 175.95 0 -0.02 2.78
5 157268.020 4176547.706 176.98 0 -0.02 2.78
5 157268.033 4176547.444 176.98 0 -0.02 2.78
5 157268.047 4176547.183 177.69 0 -0.02 2.78
5 157268.064 4176546.771 177.75 0 -0.02 2.78
5 157268.081 4176546.337 175.89 0 -0.02 2.78
5 157268.099 4176546.087 175.89 0 -0.02 2.78
5 157268.117 4176545.836 177.93 0 -0.02 2.78
5 157268.126 4176545.580 177.93 0 -0.02 2.78
5 157268.135 4176545.324 175.89 0 -0.02 2.78
5 157268.153 4176545.074 175.89 0 -0.02 2.78
5 157268.171 4176544.824 177.88 0 -0.02 2.78
5 157268.189 4176544.334 176.32 0 -0.02 2.78
5 157268.214 4176543.945 177.91 0 -0.01 2.78
5 157268.224 4176543.695 177.91 0 -0.01 2.78
5 157268.233 4176543.444 176.70 0 -0.01 2.78
5 157268.259 4176542.988 176.32 0 -0.01 2.78
5 157268.284 4176542.599 177.81 0 -0.01 2.78
5 157268.302 4176542.142 175.51 0 -0.01 2.78
5 157268.336 4176541.698 177.75 0 -0.01 2.78
5 157268.354 4176541.264 176.08 0 -0.01 2.78
5 157268.378 4176540.908 176.52 0 -0.01 2.78
5 157268.404 4176540.485 176.52 0 -0.01 2.78
5 157268.429 4176540.062 177.69 0 -0.01 2.78
5 157268.446 4176539.650 176.39 0 -0.01 2.78
5 157268.471 4176539.250 177.83 0 -0.00 2.78
5 157268.489 4176538.783 173.74 0 -0.00 2.78
5 157268.532 4176538.394 178.92 0 -0.00 2.78
5 157268.539 4176538.004 175.24 0 -0.00 2.78
5 157268.573 4176537.592 177.62 0 -0.00 2.77
5 157268.589 4176537.203 175.89 0 -0.00 2.77
5 157268.607 4176536.953 175.89 0 -0.00 2.77
5 157268.625 4176536.702 176.39 0 -0.00 2.77
5 157268.651 4176536.302 176.59 0 0.00 2.77
5 157268.677 4176535.868 175.89 0 0.00 2.77
5 157268.695 4176535.618 175.89 0 0.00 2.77
5 157268.713 4176535.368 177.75 0 -0.00 2.77
5 157268.730 4176534.934 175.51 0 -0.00 2.77
5 157268.765 4176534.489 177.75 0 -0.00 2.76
5 157268.782 4176534.055 175.51 0 -0.00 2.76
5 157268.816 4176533.610 176.32 0 -0.00 2.76
5 157268.842 4176533.221 176.64 0 -0.01 2.76
5 157268.868 4176532.776 176.85 0 -0.01 2.75
5 157268.895 4176532.286 176.08 0 -0.01 2.75
5 157268.919 4176531.930 176.85 0 -0.01 2.75
5 157268.946 4176531.441 176.70 0 -0.02 2.75
5 157268.972 4176530.985 176.39 0 -0.02 2.74
5 157268.997 4176530.584 176.85 0 -0.02 2.74
5 157269.024 4176530.095 175.82 0 -0.03 2.73
5 157269.060 4176529.605 177.88 0 -0.03 2.73
5 157269.078 4176529.116 175.82 0 -0.04 2.72
5 157269.114 4176528.626 176.85 0 -0.05 2.72
5 157269.141 4176528.137 176.39 0 -0.05 2.71
5 157269.166 4176527.736 177.65 0 -0.06 2.71
5 157269.183 4176527.336 175.89 0 -0.07 2.70
5 157269.201 4176527.085 175.89 0 -0.08 2.69
5 157269.219 4176526.835 176.98 0 -0.09 2.69
5 157269.232 4176526.574 176.98 0 -0.10 2.68
5 157269.246 4176526.312 176.90 0 -0.11 2.67
5 157269.260 4176526.062 176.90 0 -0.13 2.66
5 157269.273 4176525.812 176.94 0 -0.14 2.66
5 157269.287 4176525.556 176.94 0 -0.15 2.65
5 157269.301 4176525.300 176.90 0 -0.17 2.64
5 157269.314 4176525.049 176.90 0 -0.19 2.63
5 157269.328 4176524.799 176.39 0 -0.20 2.62
5 157269.353 4176524.399 176.85 0 -0.22 2.61
5 157269.380 4176523.909 176.39 0 -0.24 2.59
5 157269.405 4176523.509 176.75 0 -0.26 2.58
5 157269.432 4176523.041 176.90 0 -0.28 2.57
5 157269.445 4176522.791 176.90 0 -0.30 2.56
5 157269.459 4176522.541 176.16 0 -0.32 2.54
5 157269.484 4176522.174 176.70 0 -0.35 2.53
5 157269.510 4176521.718 176.75 0 -0.37 2.52
5 157269.536 4176521.250 175.51 0 -0.40 2.50
5 157269.571 4176520.805 176.64 0 -0.42 2.49
5 157269.597 4176520.360 176.08 0 -0.45 2.47
5 157269.622 4176520.005 176.59 0 -0.47 2.46
5 157269.648 4176519.571 175.42 0 -0.50 2.44
5 157269.682 4176519.137 175.95 0 -0.53 2.43
5 157269.701 4176518.881 175.95 0 -0.56 2.41
5 157269.719 4176518.625 176.59 0 -0.59 2.39
5 157269.744 4176518.192 176.59 0 -0.62 2.37
5 157269.770 4176517.758 175.42 0 -0.66 2.36
5 157269.805 4176517.324 176.59 0 -0.69 2.34
5 157269.831 4176516.890 175.51 0 -0.72 2.32
5 157269.866 4176516.445 176.98 0 -0.76 2.30
5 157269.880 4176516.184 176.98 0 -0.79 2.28
5 157269.893 4176515.922 175.51 0 -0.83 2.26
5 157269.928 4176515.478 176.59 0 -0.86 2.25
5 157269.954 4176515.044 176.08 0 -0.90 2.23
5 157269.979 4176514.688 176.59 0 -0.94 2.21
5 157270.005 4176514.254 176.64 0 -0.98 2.19
5 157270.031 4176513.809 175.42 0 -1.02 2.17
5 157270.065 4176513.375 176.64 0 -1.05 2.15
5 157270.091 4176512.930 177.50 0 -1.09 2.13
5 157270.107 4176512.574 174.66 0 -1.13 2.11
5 157270.140 4176512.218 177.81 0 -1.17 2.09
5 157270.158 4176511.762 175.51 0 -1.21 2.07
5 157270.193 4176511.317 177.78 0 -1.26 2.05
5 157270.210 4176510.872 174.38 0 -1.30 2.03
5 157270.254 4176510.427 177.54 0 -1.34 2.01
5 157270.269 4176510.060 176.64 0 -1.38 1.99
5 157270.296 4176509.615 175.67 0 -1.42 1.97
5 157270.331 4176509.148 177.50 0 -1.46 1.95
5 157270.347 4176508.792 175.67 0 -1.50 1.93
5 157270.382 4176508.325 176.64 0 -1.54 1.91
5 157270.408 4176507.880 176.08 0 -1.58 1.89
5 157270.432 4176507.524 176.70 0 -1.62 1.87
5 157270.459 4176507.068 176.70 0 -1.66 1.86
5 157270.485 4176506.612 176.70 0 -1.70 1.84
5 157270.511 4176506.156 175.59 0 -1.74 1.82
5 157270.546 4176505.700 177.83 0 -1.78 1.80
5 157270.564 4176505.232 176.08 0 -1.82 1.79
5 157270.588 4176504.876 177.58 0 -1.86 1.77
5 157270.604 4176504.498 175.51 0 -1.90 1.75
5 157270.639 4176504.053 177.83 0 -1.93 1.74
5 157270.657 4176503.586 175.51 0 -1.97 1.72
5 157270.692 4176503.141 176.75 0 -2.00 1.71
5 157270.719 4176502.674 176.08 0 -2.03 1.69
5 157270.743 4176502.318 176.16 0 -2.07 1.68
5 157270.768 4176501.951 177.78 0 -2.10 1.66
5 157270.785 4176501.506 176.64 0 -2.13 1.65
5 157270.811 4176501.061 177.78 0 -2.16 1.64
5 157270.828 4176500.615 174.66 0 -2.18 1.63
5 157270.861 4176500.260 177.75 0 -2.21 1.61
5 157270.878 4176499.826 176.64 0 -2.23 1.60
5 157270.905 4176499.381 178.92 0 -2.26 1.59
5 157270.912 4176498.969 176.52 0 -2.28 1.58
5 157270.938 4176498.546 177.86 0 -2.30 1.57
5 157270.956 4176498.067 176.39 0 -2.32 1.56
5 157270.981 4176497.667 178.92 0 -2.33 1.56
5 157270.989 4176497.277 175.03 0 -2.35 1.55
5 157271.022 4176496.888 177.62 0 -2.36 1.54
5 157271.039 4176496.499 176.75 0 -2.37 1.54
5 157271.065 4176496.031 176.08 0 -2.38 1.53
5 157271.090 4176495.675 176.64 0 -2.39 1.52
5 157271.116 4176495.230 174.66 0 -2.40 1.52
5 157271.149 4176494.875 176.08 0 -2.40 1.52
5 157271.173 4176494.519 173.25 0 -2.41 1.51
5 157271.215 4176494.163 176.16 0 -2.41 1.51
5 157271.240 4176493.796 173.25 0 -2.41 1.51
5 157271.282 4176493.441 173.42 0 -2.41 1.50
5 157271.324 4176493.074 173.42 0 -2.40 1.50
5 157271.367 4176492.707 172.06 0 -2.40 1.50
5 157271.418 4176492.341 172.06 0 -2.39 1.50
5 157271.469 4176491.974 172.06 0 -2.38 1.50
5 157271.520 4176491.607 172.26 0 -2.37 1.50
5 157271.571 4176491.230 172.26 0 -2.36 1.51
5 157271.623 4176490.852 168.34 0 -2.35 1.51
5 157271.700 4176490.475 168.64 0 -2.33 1.51
5 157271.778 4176490.087 166.14 0 -2.32 1.51
5 157271.874 4176489.699 167.99 0 -2.30 1.52
5 157271.961 4176489.288 166.49 0 -2.28 1.52
5 157272.057 4176488.889 167.12 0 -2.27 1.53
5 157272.154 4176488.468 163.34 0 -2.25 1.53
6 157272.276 4176488.058 164.85 0 -2.22 1.54
6 157272.390 4176487.637 161.31 0 -2.20 1.54
6 157272.521 4176487.250 161.31 0 -2.18 1.55
6 157272.634 4176486.918 161.11 0 -2.16 1.55
6 157272.793 4176486.453 159.63 0 -2.13 1.56
6 157272.932 4176486.077 158.44 0 -2.11 1.57
6 157273.081 4176485.701 157.88 0 -2.08 1.58
6 157273.229 4176485.336 155.40 0 -2.05 1.59
6 157273.386 4176484.994 155.40 0 -2.03 1.60
6 157273.542 4176484.652 153.46 0 -2.00 1.60
6 157273.708 4176484.321 154.71 0 -1.97 1.61
6 157273.864 4176483.989 151.45 0 -1.94 1.62
6 157274.038 4176483.670 150.23 0 -1.91 1.63
6 157274.221 4176483.350 149.04 0 -1.88 1.64
6 157274.412 4176483.031 147.88 0 -1.85 1.66
6 157274.613 4176482.712 146.74 0 -1.82 1.67
6 157274.822 4176482.393 147.87 0 -1.79 1.68
6 157275.023 4176482.074 145.63 0 -1.76 1.69
6 157275.241 4176481.755 143.49 0 -1.73 1.70
6 157275.476 4176481.436 142.47 0 -1.69 1.72
6 157275.721 4176481.118 140.49 0 -1.66 1.73
6 157275.965 4176480.822 137.41 0 -1.63 1.74
6 157276.227 4176480.537 137.41 0 -1.60 1.75
6 157276.488 4176480.253 137.41 0 -1.56 1.77
6 157276.750 4176479.968 136.45 0 -1.53 1.78
6 157277.020 4176479.683 134.16 0 -1.50 1.80
6 157277.290 4176479.421 129.83 0 -1.46 1.81
6 157277.578 4176479.182 132.00 0 -1.43 1.82
6 157277.856 4176478.931 128.51 0 -1.39 1.84
6 157278.143 4176478.702 129.83 0 -1.36 1.85
6 157278.431 4176478.463 127.65 0 -1.32 1.87
6 157278.726 4176478.235 124.89 0 -1.29 1.88
6 157279.022 4176478.029 122.63 0 -1.25 1.90
6 157279.326 4176477.834 124.08 0 -1.22 1.91
6 157279.630 4176477.628 120.50 0 -1.18 1.93
6 157279.997 4176477.412 119.89 0 -1.15 1.95
6 157280.372 4176477.197 117.29 0 -1.11 1.96
6 157280.684 4176477.035 117.29 0 -1.08 1.98
6 157280.996 4176476.874 117.29 0 -1.04 1.99
6 157281.309 4176476.713 116.73 0 -1.01 2.01
6 157281.692 4176476.520 114.51 0 -0.98 2.02
6 157282.138 4176476.317 110.62 0 -0.94 2.04
6 157282.476 4176476.189 113.83 0 -0.91 2.06
6 157282.815 4176476.040 108.72 0 -0.88 2.07
6 157283.188 4176475.913 111.71 0 -0.85 2.09
6 157283.562 4176475.765 108.30 0 -0.81 2.11
6 157283.944 4176475.638 107.89 0 -0.78 2.12
6 157284.335 4176475.512 106.04 0 -0.75 2.14
6 157284.735 4176475.397 104.56 0 -0.72 2.15
6 157285.135 4176475.293 103.93 0 -0.69 2.17
6 157285.552 4176475.190 104.56 0 -0.67 2.19
6 157285.951 4176475.086 103.93 0 -0.64 2.20
6 157286.369 4176474.982 104.56 0 -0.61 2.22
6 157286.768 4176474.879 99.55 0 -0.58 2.23
6 157287.185 4176474.809 100.01 0 -0.56 2.25
6 157287.584 4176474.738 98.06 0 -0.53 2.26
6 157288.000 4176474.679 100.01 0 -0.51 2.28
6 157288.399 4176474.609 98.06 0 -0.49 2.29
6 157288.815 4176474.550 96.72 0 -0.47 2.31
6 157289.223 4176474.502 96.40 0 -0.44 2.32
6 157289.648 4176474.454 96.55 0 -0.42 2.34
6 157290.064 4176474.406 96.40 0 -0.41 2.35
6 157290.489 4176474.359 96.55 0 -0.39 2.37
6 157290.905 4176474.311 96.40 0 -0.37 2.38
6 157291.330 4176474.263 96.55 0 -0.35 2.39
6 157291.746 4176474.216 91.92 0 -0.34 2.41
6 157292.170 4176474.201 93.52 0 -0.32 2.42
6 157292.586 4176474.176 91.92 0 -0.30 2.43
6 157293.011 4176474.161 93.52 0 -0.29 2.45
6 157293.426 4176474.136 91.92 0 -0.28 2.46
6 157293.851 4176474.122 91.99 0 -0.27 2.47
6 157294.266 4176474.107 91.86 0 -0.25 2.48
6 157294.699 4176474.093 91.86 0 -0.24 2.50
6 157295.133 4176474.079 90.39 0 -0.23 2.51
6 157295.566 4176474.076 91.86 0 -0.22 2.52
6 157295.999 4176474.062 90.39 0 -0.21 2.53
6 157296.432 4176474.059 91.86 0 -0.20 2.54
6 157296.865 4176474.045 88.92 0 -0.19 2.55
6 157297.227 4176474.052 91.86 0 -0.19 2.56
6 157297.660 4176474.038 88.92 0 -0.18 2.57
6 157298.031 4176474.045 90.36 0 -0.17 2.58
6 157298.473 4176474.042 88.92 0 -0.16 2.59
6 157298.950 4176474.051 90.68 0 -0.16 2.60
6 157299.312 4176474.047 88.92 0 -0.15 2.61
6 157299.789 4176474.056 88.92 0 -0.14 2.62
6 157300.266 4176474.065 90.23 0 -0.14 2.63
6 157300.752 4176474.063 88.92 0 -0.13 2.64
6 157301.132 4176474.070 88.92 0 -0.12 2.64
6 157301.520 4176474.078 88.92 0 -0.12 2.65
6 157302.015 4176474.087 88.92 0 -0.11 2.66
6 157302.501 4176474.096 88.92 0 -0.11 2.66
6 157302.753 4176474.101 88.92 0 -0.10 2.67
6 157303.004 4176474.106 88.92 0 -0.09 2.68
6 157303.256 4176474.110 88.92 0 -0.09 2.68
6 157303.508 4176474.115 88.92 0 -0.08 2.69
6 157303.759 4176474.120 88.92 0 -0.08 2.70
6 157304.011 4176474.125 88.92 0 -0.07 2.70
6 157304.409 4176474.132 88.92 0 -0.07 2.71
6 157304.665 4176474.137 88.92 0 -0.06 2.71
6 157304.921 4176474.142 88.92 0 -0.06 2.72
6 157305.309 4176474.149 86.47 0 -0.05 2.72
6 157305.570 4176474.165 86.47 0 -0.05 2.72
6 157305.830 4176474.181 85.71 0 -0.04 2.73
6 157306.227 4176474.211 86.43 0 -0.04 2.73
6 157306.483 4176474.227 86.43 0 -0.03 2.74
6 157306.739 4176474.243 86.43 0 -0.03 2.74
6 157306.995 4176474.259 86.43 0 -0.02 2.74
6 157307.251 4176474.275 85.25 0 -0.02 2.74
6 157307.511 4176474.297 85.25 0 -0.02 2.75
6 157307.771 4176474.318 86.47 0 -0.01 2.75
6 157308.032 4176474.335 86.47 0 -0.01 2.75
6 157308.292 4176474.351 85.78 0 -0.01 2.75
6 157308.698 4176474.381 87.41 0 -0.00 2.76
6 157309.121 4176474.400 85.25 0 -0.00 2.76
6 157309.382 4176474.421 85.25 0 0.00 2.76
6 157309.642 4176474.443 87.71 0 0.00 2.76
6 157309.907 4176474.454 87.71 0 0.00 2.76
6 157310.172 4176474.464 85.25 0 0.00 2.77
6 157310.432 4176474.486 85.25 0 0.01 2.77
6 157310.692 4176474.507 86.51 0 0.01 2.77
6 157310.957 4176474.524 86.51 0 0.01 2.77
6 157311.222 4176474.540 84.03 0 0.01 2.77
6 157311.482 4176474.567 84.03 0 0.01 2.77
6 157311.742 4176474.594 87.69 0 0.01 2.77
6 157312.002 4176474.605 87.69 0 0.01 2.77
6 157312.263 4176474.615 85.84 0 0.01 2.77
6 157312.677 4176474.645 87.69 0 0.01 2.77
6 157312.938 4176474.656 87.69 0 0.01 2.77
6 157313.198 4176474.666 85.71 0 0.01 2.77
6 157313.595 4176474.696 85.18 0 0.01 2.78
6 157313.851 4176474.718 85.18 0 0.01 2.78
6 157314.107 4176474.739 87.58 0 0.01 2.78
6 157314.584 4176474.759 85.64 0 0.01 2.78
6 157314.972 4176474.789 87.55 0 0.01 2.78
6 157315.440 4176474.809 86.19 0 0.01 2.78
6 157315.907 4176474.840 86.14 0 0.01 2.78
6 157316.366 4176474.871 86.03 0 0.01 2.78
6 157316.807 4176474.902 87.67 0 0.01 2.78
6 157317.063 4176474.912 87.67 0 0.01 2.78
6 157317.320 4176474.922 86.03 0 0.01 2.78
6 157317.761 4176474.953 87.35 0 0.01 2.78
6 157318.167 4176474.972 84.22 0 0.01 2.78
6 157318.572 4176475.013 87.31 0 0.01 2.78
6 157318.970 4176475.032 85.84 0 0.01 2.78
6 157319.384 4176475.062 84.98 0 0.01 2.78
6 157319.869 4176475.104 87.41 0 0.01 2.78
6 157320.293 4176475.124 86.34 0 0.01 2.78
6 157320.787 4176475.155 85.91 0 0.01 2.78
6 157321.211 4176475.185 85.97 0 0.01 2.78
6 157321.643 4176475.216 86.03 0 0.01 2.78
6 157322.084 4176475.247 86.09 0 0.01 2.78
6 157322.534 4176475.277 86.14 0 0.01 2.78
6 157322.993 4176475.308 84.67 0 0.01 2.78
6 157323.443 4176475.350 87.20 0 0.01 2.78
6 157323.814 4176475.368 86.14 0 0.01 2.78
6 157324.273 4176475.399 85.56 0 0.01 2.78
6 157324.652 4176475.429 86.19 0 0.01 2.78
6 157325.120 4176475.460 85.71 0 0.01 2.78
6 157325.517 4176475.490 84.91 0 0.01 2.78
6 157325.993 4176475.532 86.34 0 0.01 2.78
6 157326.487 4176475.564 85.05 0 0.01 2.78
6 157326.981 4176475.607 85.18 0 0.01 2.78
6 157327.237 4176475.628 85.18 0 0.01 2.78
6 157327.493 4176475.650 87.60 0 0.01 2.78
6 157327.978 4176475.670 85.64 0 0.01 2.78
6 157328.366 4176475.700 85.64 0 0.01 2.78
6 157328.755 4176475.729 84.91 0 0.01 2.78
6 157329.231 4176475.772 86.24 0 0.01 2.78
6 157329.707 4176475.803 84.83 0 0.01 2.78
6 157330.175 4176475.845 86.14 0 0.01 2.78
6 157330.634 4176475.876 84.59 0 0.01 2.78
6 157331.075 4176475.918 87.11 0 0.01 2.78
6 157331.428 4176475.936 85.84 0 0.01 2.78
6 157331.843 4176475.966 85.31 0 0.01 2.78
6 157332.195 4176475.995 87.35 0 0.00 2.78
6 157332.601 4176476.014 84.11 0 0.00 2.78
6 157332.998 4176476.055 85.71 0 0.00 2.78
6 157333.395 4176476.084 87.31 0 0.00 2.78
6 157333.793 4176476.103 85.40 0 0.00 2.78
6 157334.154 4176476.132 86.09 0 -0.00 2.78
6 157334.604 4176476.163 85.31 0 -0.00 2.78
6 157334.957 4176476.192 87.38 0 -0.00 2.78
6 157335.372 4176476.211 85.78 0 -0.00 2.78
6 157335.778 4176476.241 85.71 0 -0.00 2.78
6 157336.175 4176476.271 87.35 0 -0.01 2.78
6 157336.581 4176476.290 86.14 0 -0.01 2.78
6 157337.040 4176476.321 87.55 0 -0.01 2.78
6 157337.508 4176476.341 84.31 0 -0.01 2.78
6 157337.922 4176476.382 87.60 0 -0.01 2.78
6 157338.408 4176476.402 86.29 0 -0.01 2.78
6 157338.893 4176476.434 87.15 0 -0.01 2.78
6 157339.255 4176476.452 87.15 0 -0.01 2.78
6 157339.617 4176476.470 85.56 0 -0.01 2.78
6 157339.996 4176476.499 87.20 0 -0.01 2.78
6 157340.367 4176476.517 87.55 0 -0.01 2.78
6 157340.835 4176476.537 87.24 0 -0.01 2.78
6 157341.214 4176476.555 85.71 0 -0.01 2.78
6 157341.611 4176476.585 88.92 0 -0.01 2.78
6 157341.991 4176476.592 85.78 0 -0.01 2.78
6 157342.397 4176476.622 86.24 0 -0.01 2.78
7 157342.874 4176476.654 87.41 0 -0.01 2.78
7 157343.297 4176476.673 86.34 0 -0.01 2.78
7 157343.791 4176476.705 87.41 0 -0.01 2.78
7 157344.215 4176476.724 85.84 0 -0.01 2.78
7 157344.630 4176476.754 87.44 0 -0.01 2.78
7 157345.062 4176476.773 85.97 0 -0.00 2.78
7 157345.495 4176476.804 87.44 0 -0.00 2.78
7 157345.927 4176476.823 84.50 0 -0.00 2.78
7 157346.359 4176476.865 87.11 0 -0.00 2.78
7 157346.713 4176476.882 86.43 0 -0.00 2.78
7 157346.968 4176476.898 86.43 0 -0.00 2.78
7 157347.224 4176476.914 87.44 0 -0.00 2.78
7 157347.657 4176476.934 85.97 0 -0.00 2.78
7 157348.089 4176476.964 85.97 0 0.00 2.78
7 157348.522 4176476.995 85.91 0 0.00 2.78
7 157348.945 4176477.025 87.11 0 0.00 2.78
7 157349.298 4176477.043 85.71 0 0.00 2.78
7 157349.695 4176477.072 87.65 0 0.00 2.78
7 157349.947 4176477.083 87.65 0 0.00 2.78
7 157350.198 4176477.093 84.11 0 0.00 2.78
7 157350.595 4176477.134 87.27 0 0.00 2.78
7 157350.984 4176477.153 85.56 0 0.00 2.78
7 157351.363 4176477.182 87.27 0 0.00 2.78
7 157351.751 4176477.201 85.31 0 0.00 2.78
7 157352.104 4176477.229 87.11 0 0.00 2.78
7 157352.457 4176477.247 85.31 0 0.00 2.78
7 157352.810 4176477.276 85.84 0 0.00 2.78
7 157353.225 4176477.306 86.29 0 0.00 2.78
7 157353.710 4176477.338 86.19 0 0.00 2.78
7 157354.178 4176477.369 86.24 0 0.00 2.78
7 157354.654 4176477.400 87.38 0 0.00 2.78
7 157355.069 4176477.419 85.71 0 -0.00 2.78
7 157355.466 4176477.449 87.38 0 -0.00 2.78
7 157355.881 4176477.468 85.78 0 -0.00 2.78
7 157356.287 4176477.498 86.14 0 -0.00 2.78
7 157356.746 4176477.529 87.11 0 -0.00 2.78
7 157357.099 4176477.547 86.14 0 -0.00 2.78
7 157357.558 4176477.578 87.58 0 -0.00 2.78
7 157358.035 4176477.598 85.84 0 -0.01 2.78
7 157358.449 4176477.628 87.55 0 -0.01 2.78
7 157358.917 4176477.648 86.24 0 -0.01 2.78
7 157359.394 4176477.679 85.84 0 -0.01 2.78
7 157359.808 4176477.710 87.60 0 -0.01 2.77
7 157360.294 4176477.730 86.29 0 -0.01 2.77
7 157360.779 4176477.761 85.97 0 -0.01 2.77
7 157361.212 4176477.792 85.31 0 -0.01 2.77
7 157361.564 4176477.821 85.48 0 -0.01 2.77
7 157361.935 4176477.850 88.91 0 -0.01 2.77
7 157362.297 4176477.857 83.89 0 -0.02 2.77
7 157362.676 4176477.897 87.15 0 -0.02 2.77
7 157363.038 4176477.915 86.19 0 -0.02 2.77
7 157363.506 4176477.947 84.67 0 -0.02 2.77
7 157363.956 4176477.989 87.27 0 -0.02 2.76
7 157364.344 4176478.007 85.64 0 -0.02 2.76
7 157364.732 4176478.037 85.64 0 -0.03 2.76
7 157365.120 4176478.066 85.71 0 -0.03 2.76
7 157365.517 4176478.096 87.38 0 -0.03 2.75
7 157365.932 4176478.115 84.11 0 -0.03 2.75
7 157366.329 4176478.156 87.38 0 -0.04 2.75
7 157366.744 4176478.175 84.31 0 -0.04 2.75
7 157367.158 4176478.216 87.41 0 -0.04 2.74
7 157367.582 4176478.235 84.31 0 -0.05 2.74
7 157367.997 4176478.277 87.41 0 -0.05 2.73
7 157368.420 4176478.296 85.71 0 -0.06 2.73
7 157368.817 4176478.326 87.35 0 -0.06 2.72
7 157369.223 4176478.344 84.11 0 -0.07 2.72
7 157369.620 4176478.385 88.91 0 -0.07 2.71
7 157370.009 4176478.393 83.89 0 -0.08 2.71
7 157370.388 4176478.433 87.27 0 -0.09 2.70
7 157370.776 4176478.452 85.31 0 -0.09 2.69
7 157371.129 4176478.481 87.24 0 -0.10 2.69
7 157371.509 4176478.499 83.51 0 -0.11 2.68
7 157371.861 4176478.539 88.91 0 -0.12 2.67
7 157372.241 4176478.546 85.31 0 -0.13 2.66
7 157372.594 4176478.575 87.20 0 -0.14 2.66
7 157372.965 4176478.594 85.31 0 -0.16 2.65
7 157373.318 4176478.622 87.24 0 -0.17 2.64
7 157373.697 4176478.641 85.31 0 -0.18 2.63
7 157374.050 4176478.670 87.24 0 -0.20 2.62
7 157374.430 4176478.688 85.31 0 -0.22 2.61
7 157374.783 4176478.717 87.24 0 -0.23 2.60
7 157375.162 4176478.735 85.31 0 -0.25 2.58
7 157375.515 4176478.764 87.24 0 -0.27 2.57
7 157375.895 4176478.783 85.31 0 -0.29 2.56
7 157376.247 4176478.812 87.24 0 -0.31 2.55
7 157376.627 4176478.830 85.48 0 -0.33 2.53
7 157376.998 4176478.859 87.24 0 -0.36 2.52
7 157377.377 4176478.878 85.40 0 -0.38 2.51
7 157377.739 4176478.907 87.24 0 -0.40 2.49
7 157378.118 4176478.925 87.20 0 -0.43 2.48
7 157378.489 4176478.943 87.24 0 -0.46 2.46
7 157378.869 4176478.962 85.48 0 -0.49 2.45
7 157379.239 4176478.991 87.24 0 -0.52 2.43
7 157379.619 4176479.009 85.40 0 -0.55 2.42
7 157379.980 4176479.038 87.24 0 -0.58 2.40
7 157380.360 4176479.057 85.40 0 -0.61 2.38
7 157380.722 4176479.086 88.91 0 -0.64 2.37
7 157381.101 4176479.093 85.48 0 -0.67 2.35
7 157381.472 4176479.122 87.24 0 -0.71 2.33
7 157381.852 4176479.141 85.48 0 -0.74 2.31
7 157382.222 4176479.170 87.27 0 -0.78 2.30
7 157382.610 4176479.188 85.56 0 -0.81 2.28
7 157382.990 4176479.218 87.27 0 -0.85 2.26
7 157383.378 4176479.236 85.64 0 -0.89 2.24
7 157383.766 4176479.266 87.31 0 -0.93 2.22
7 157384.164 4176479.285 87.31 0 -0.96 2.20
7 157384.561 4176479.303 85.78 0 -1.00 2.19
7 157384.967 4176479.333 87.31 0 -1.04 2.17
7 157385.364 4176479.352 87.38 0 -1.08 2.15
7 157385.779 4176479.371 84.22 0 -1.12 2.13
7 157386.185 4176479.412 87.41 0 -1.15 2.11
7 157386.608 4176479.431 85.84 0 -1.19 2.09
7 157387.023 4176479.461 87.41 0 -1.23 2.07
7 157387.447 4176479.480 85.84 0 -1.27 2.05
7 157387.861 4176479.511 87.41 0 -1.31 2.04
7 157388.285 4176479.530 85.84 0 -1.34 2.02
7 157388.700 4176479.560 87.41 0 -1.38 2.00
7 157389.123 4176479.579 84.31 0 -1.41 1.98
7 157389.538 4176479.620 87.41 0 -1.45 1.96
7 157389.962 4176479.639 85.84 0 -1.48 1.94
7 157390.376 4176479.670 87.41 0 -1.52 1.93
7 157390.800 4176479.689 85.71 0 -1.55 1.91
7 157391.197 4176479.719 85.91 0 -1.58 1.89
7 157391.621 4176479.749 85.71 0 -1.61 1.87
7 157392.018 4176479.779 87.38 0 -1.64 1.86
7 157392.433 4176479.798 84.11 0 -1.67 1.84
7 157392.829 4176479.839 87.38 0 -1.70 1.82
7 157393.244 4176479.858 85.71 0 -1.73 1.81
7 157393.641 4176479.887 85.71 0 -1.75 1.79
7 157394.038 4176479.917 84.11 0 -1.78 1.78
7 157394.435 4176479.958 87.27 0 -1.80 1.76
7 157394.823 4176479.977 85.71 0 -1.82 1.75
7 157395.221 4176480.006 85.64 0 -1.85 1.74
7 157395.609 4176480.036 84.00 0 -1.87 1.72
7 157395.997 4176480.077 87.27 0 -1.89 1.71
7 157396.385 4176480.095 83.89 0 -1.91 1.70
7 157396.764 4176480.136 87.27 0 -1.93 1.68
7 157397.153 4176480.154 83.77 0 -1.95 1.67
7 157397.523 4176480.195 87.27 0 -1.96 1.66
7 157397.911 4176480.213 82.07 0 -1.98 1.65
7 157398.281 4176480.265 87.27 0 -2.00 1.64
7 157398.670 4176480.283 83.64 0 -2.01 1.63
7 157399.031 4176480.324 87.24 0 -2.03 1.62
7 157399.411 4176480.342 83.51 0 -2.04 1.61
7 157399.764 4176480.382 85.31 0 -2.06 1.61
7 157400.116 4176480.411 83.51 0 -2.07 1.60
7 157400.469 4176480.451 84.98 0 -2.09 1.59
7 157400.954 4176480.494 86.29 0 -2.10 1.59
7 157401.440 4176480.525 84.21 0 -2.11 1.58
7 157401.845 4176480.566 84.31 0 -2.12 1.58
7 157402.260 4176480.607 84.98 0 -2.14 1.57
7 157402.745 4176480.650 83.38 0 -2.15 1.57
7 157403.203 4176480.703 84.83 0 -2.16 1.57
7 157403.671 4176480.746 84.76 0 -2.17 1.57
7 157404.129 4176480.788 83.77 0 -2.17 1.57
7 157404.500 4176480.828 83.64 0 -2.18 1.57
7 157404.861 4176480.868 82.79 0 -2.19 1.57
7 157405.275 4176480.921 82.23 0 -2.19 1.57
7 157405.654 4176480.972 83.89 0 -2.20 1.57
7 157406.033 4176481.013 81.73 0 -2.20 1.57
7 157406.474 4176481.077 80.14 0 -2.20 1.58
7 157406.905 4176481.152 80.58 0 -2.20 1.58
7 157407.284 4176481.215 80.76 0 -2.20 1.58
7 157407.672 4176481.278 77.94 0 -2.20 1.59
7 157408.015 4176481.351 79.16 0 -2.19 1.60
7 157408.402 4176481.425 78.50 0 -2.19 1.60
7 157408.825 4176481.511 78.46 0 -2.18 1.61
7 157409.186 4176481.585 78.71 0 -2.17 1.62
7 157409.617 4176481.671 77.51 0 -2.16 1.62
7 157410.057 4176481.769 72.93 0 -2.15 1.63
7 157410.443 4176481.887 73.41 0 -2.13 1.64
7 157410.883 4176482.018 73.98 0 -2.12 1.65
7 157411.340 4176482.149 72.29 0 -2.10 1.66
7 157411.673 4176482.256 69.94 0 -2.08 1.67
7 157412.059 4176482.397 71.00 0 -2.06 1.68
7 157412.402 4176482.515 68.93 0 -2.04 1.69
7 157412.858 4176482.690 67.72 0 -2.02 1.70
7 157413.200 4176482.831 64.00 0 -1.99 1.71
7 157413.532 4176482.993 66.12 0 -1.96 1.73
7 157413.874 4176483.144 64.57 0 -1.94 1.74
7 157414.216 4176483.306 63.05 0 -1.91 1.75
7 157414.557 4176483.480 63.05 0 -1.88 1.76
7 157414.898 4176483.653 60.13 0 -1.85 1.78
7 157415.239 4176483.849 57.40 0 -1.82 1.79
7 157415.562 4176484.056 60.13 0 -1.79 1.80
7 157415.903 4176484.252 55.28 0 -1.75 1.82
7 157416.217 4176484.469 55.28 0 -1.72 1.83
7 157416.531 4176484.687 53.15 0 -1.69 1.85
7 157416.836 4176484.915 52.36 0 -1.65 1.86
7 157417.132 4176485.144 50.68 0 -1.62 1.87
7 157417.410 4176485.372 48.42 0 -1.58 1.89
7 157417.679 4176485.611 47.88 0 -1.55 1.90
7 157418.044 4176485.940 47.25 0 -1.51 1.91
7 157418.340 4176486.213 45.20 0 -1.48 1.92
7 157418.591 4176486.463 43.23 0 -1.44 1.94
7 157418.868 4176486.758 43.23 0 -1.41 1.95
7 157419.145 4176487.053 41.24 0 -1.38 1.96
7 157419.413 4176487.359 39.86 0 -1.34 1.97
7 157419.716 4176487.721 36.51 0 -1.31 1.98
7 157420.000 4176488.105 35.71 0 -1.28 2.00
8 157420.284 4176488.500 34.01 0 -1.24 2.01
8 157420.551 4176488.895 31.52 0 -1.21 2.02
8 157420.765 4176489.244 33.42 0 -1.18 2.03
8 157420.988 4176489.582 31.52 0 -1.15 2.04
8 157421.202 4176489.932 27.85 0 -1.12 2.05
8 157421.399 4176490.303 28.72 0 -1.09 2.06
8 157421.621 4176490.708 26.48 0 -1.06 2.07
8 157421.833 4176491.135 26.09 0 -1.04 2.08
8 157422.020 4176491.518 24.56 0 -1.01 2.09
8 157422.216 4176491.944 23.93 0 -0.98 2.10
8 157422.385 4176492.326 23.93 0 -0.96 2.11
8 157422.555 4176492.708 21.70 0 -0.93 2.12
8 157422.706 4176493.090 23.12 0 -0.91 2.13
8 157422.850 4176493.427 23.30 0 -0.89 2.14
8 157423.019 4176493.820 21.18 0 -0.86 2.15
8 157423.154 4176494.167 21.58 0 -0.84 2.16
8 157423.323 4176494.594 19.95 0 -0.82 2.17
8 157423.457 4176494.964 20.55 0 -0.80 2.17
8 157423.600 4176495.345 19.39 0 -0.78 2.18
8 157423.734 4176495.726 19.99 0 -0.76 2.19
8 157423.877 4176496.119 18.85 0 -0.74 2.20
8 157424.011 4176496.511 19.99 0 -0.71 2.21
8 157424.154 4176496.904 19.39 0 -0.69 2.21
8 157424.288 4176497.285 18.20 0 -0.68 2.22
8 157424.413 4176497.666 18.20 0 -0.66 2.23
8 157424.539 4176498.047 18.20 0 -0.64 2.24
8 157424.664 4176498.428 15.79 0 -0.62 2.24
8 157424.771 4176498.809 17.52 0 -0.60 2.25
8 157424.888 4176499.179 14.17 0 -0.58 2.26
8 157424.979 4176499.537 15.48 0 -0.56 2.27
8 157425.078 4176499.895 14.17 0 -0.54 2.27
8 157425.168 4176500.253 13.27 0 -0.52 2.28
8 157425.250 4176500.600 12.84 0 -0.50 2.29
8 157425.332 4176500.958 13.27 0 -0.48 2.30
8 157425.413 4176501.305 10.48 0 -0.46 2.30
8 157425.477 4176501.651 10.39 0 -0.44 2.31
8 157425.566 4176502.132 9.07 0 -0.43 2.32
8 157425.621 4176502.478 8.47 0 -0.41 2.33
8 157425.676 4176502.846 6.25 0 -0.39 2.33
8 157425.721 4176503.259 5.38 0 -0.37 2.34
8 157425.758 4176503.650 5.77 0 -0.36 2.35
8 157425.795 4176504.018 5.57 0 -0.34 2.36
8 157425.832 4176504.397 5.77 0 -0.32 2.36
8 157425.869 4176504.766 5.57 0 -0.31 2.37
8 157425.906 4176505.145 5.87 0 -0.29 2.38
8 157425.951 4176505.580 2.92 0 -0.28 2.39
8 157425.970 4176505.959 2.59 0 -0.26 2.39
8 157425.989 4176506.372 0.33 0 -0.25 2.40
8 157425.991 4176506.728 2.01 0 -0.23 2.41
8 157426.008 4176507.219 360.00 0 -0.22 2.42
8 157426.008 4176507.686 0.14 0 -0.21 2.42
8 157426.009 4176508.098 1.44 0 -0.19 2.43
8 157426.019 4176508.499 1.75 0 -0.18 2.44
8 157426.030 4176508.856 359.92 0 -0.17 2.45
8 157426.030 4176509.107 359.92 0 -0.16 2.45
8 157426.029 4176509.357 359.95 0 -0.15 2.46
8 157426.029 4176509.847 0.29 0 -0.13 2.47
8 157426.031 4176510.215 358.91 0 -0.12 2.48
8 157426.024 4176510.571 0.29 0 -0.11 2.48
8 157426.026 4176510.939 358.91 0 -0.10 2.49
8 157426.019 4176511.295 358.91 0 -0.09 2.50
8 157426.012 4176511.651 358.91 0 -0.08 2.50
8 157426.006 4176512.007 358.91 0 -0.07 2.51
8 157425.999 4176512.364 358.91 0 -0.06 2.52
8 157425.990 4176512.854 358.91 0 -0.06 2.52
8 157425.981 4176513.332 358.91 0 -0.05 2.53
8 157425.973 4176513.744 358.91 0 -0.04 2.54
8 157425.965 4176514.145 358.91 0 -0.03 2.54
8 157425.956 4176514.613 358.91 0 -0.03 2.55
8 157425.948 4176515.069 358.91 0 -0.02 2.56
8 157425.939 4176515.525 358.91 0 -0.02 2.56
8 157425.931 4176515.960 358.91 0 -0.01 2.57
8 157425.924 4176516.338 358.91 0 -0.01 2.57
8 157425.917 4176516.706 356.58 0 -0.00 2.58
8 157425.891 4176517.139 356.64 0 -0.00 2.59
8 157425.865 4176517.584 355.51 0 0.00 2.59
8 157425.830 4176518.029 357.58 0 0.00 2.60
8 157425.814 4176518.408 356.80 0 0.01 2.60
8 157425.787 4176518.886 356.39 0 0.01 2.61
8 157425.762 4176519.286 355.23 0 0.01 2.61
8 157425.727 4176519.698 356.08 0 0.01 2.62
8 157425.703 4176520.054 356.16 0 0.01 2.62
8 157425.678 4176520.421 354.91 0 0.01 2.63
8 157425.645 4176520.799 356.70 0 0.01 2.63
8 157425.618 4176521.255 355.13 0 0.01 2.64
8 157425.584 4176521.655 357.62 0 0.01 2.64
8 157425.568 4176522.045 354.14 0 0.01 2.65
8 157425.525 4176522.467 356.46 0 0.01 2.65
8 157425.499 4176522.879 354.66 0 0.01 2.66
8 157425.466 4176523.235 355.42 0 0.01 2.66
8 157425.431 4176523.668 356.58 0 0.01 2.67
8 157425.405 4176524.102 356.02 0 0.01 2.67
8 157425.387 4176524.363 356.02 0 0.01 2.68
8 157425.369 4176524.625 355.51 0 0.01 2.68
8 157425.334 4176525.070 356.08 0 0.01 2.68
8 157425.310 4176525.426 355.51 0 0.01 2.69
8 157425.275 4176525.870 355.51 0 0.01 2.69
8 157425.240 4176526.315 355.51 0 0.01 2.70
8 157425.205 4176526.760 356.64 0 0.01 2.70
8 157425.179 4176527.205 356.08 0 0.01 2.70
8 157425.154 4176527.561 356.58 0 0.01 2.71
8 157425.128 4176527.995 354.66 0 0.01 2.71
8 157425.095 4176528.351 357.75 0 0.01 2.71
8 157425.078 4176528.785 354.38 0 0.01 2.72
8 157425.034 4176529.229 357.75 0 0.01 2.73
8 157425.017 4176529.663 355.13 0 0.01 2.73
8 157424.983 4176530.064 355.82 0 0.01 2.73
8 157424.947 4176530.553 357.62 0 0.01 2.73
8 157424.931 4176530.942 354.91 0 0.01 2.74
8 157424.898 4176531.320 356.70 0 0.01 2.74
8 157424.871 4176531.777 356.08 0 0.01 2.74
8 157424.847 4176532.133 354.79 0 0.01 2.74
8 157424.813 4176532.499 356.80 0 0.01 2.75
8 157424.787 4176532.978 356.46 0 0.01 2.75
8 157424.761 4176533.389 356.32 0 0.01 2.75
8 157424.736 4176533.779 356.58 0 0.01 2.75
8 157424.710 4176534.213 356.58 0 0.01 2.75
8 157424.684 4176534.646 355.23 0 0.01 2.75
8 157424.650 4176535.058 356.24 0 0.01 2.76
8 157424.625 4176535.436 356.08 0 0.01 2.76
8 157424.601 4176535.792 356.52 0 0.01 2.76
8 157424.575 4176536.215 357.54 0 0.01 2.76
8 157424.559 4176536.582 357.54 0 0.01 2.76
