394 474
385 474
377 475
368 475
359 475
350 475
340 476
330 476
321 477
311 477
301 477
291 477
281 478
270 478
262 478
253 479
244 479
235 479
225 479
215 476
211 467
210 457
210 450
210 441
209 431
208 423
208 414
208 406
208 396
208 387
207 378
207 369
207 360
206 352
206 344
205 335
201 328
193 323
184 322
175 322
165 322
157 323
149 323
141 323
131 323
120 324
110 324
100 324
92 324
84 325
76 325
68 325
59 325
49 325
40 326
32 326
24 327
16 331
11 339
10 347
10 357
10 366
10 376
11 386
11 397
11 407
11 416
12 424
12 433
12 443
12 452
13 461
13 469
16 477
20 484
28 489
37 491
44 491
54 491
64 491
72 491
81 491
90 490
100 490
109 490
119 489
128 489
138 489
147 488
156 488
165 488
174 488
183 487
192 487
200 487
209 486
218 486
227 486
236 486
245 485
254 485
262 485
271 484
280 484
289 484
298 483
307 483
315 483
324 483
333 483
342 482
351 482
360 482
369 482
378 481
387 481
396 481
405 480
413 480
422 480
431 479
440 479
449 479
458 478
467 478
476 478
485 478
494 477
503 477
512 477
522 476
531 476
540 476
550 476
560 475
569 475
578 475
586 474
594 474
602 474
612 474
621 472
628 469
635 463
638 456
640 448
640 439
640 429
640 419
639 408
639 398
639 388
638 378
638 368
638 357
638 348
637 339
637 331
635 322
632 315
626 310
618 309
609 309
600 309
591 309
582 310
573 310
564 310
556 310
547 311
539 311
531 311
523 311
515 312
507 312
499 312
491 312
483 313
475 313
467 313
457 314
448 314
439 314
430 315
422 315
413 321
409 328
406 337
406 345
406 352
406 360
406 368
406 376
406 383
407 392
407 401
